epiweek,cases,temp_min,temp_med,temp_max,precip_min,precip_med,precip_max,pressure_min,pressure_med,pressure_max,rel_humid_min,rel_humid_med,rel_humid_max,thermal_range,rainy_days
201001,115,23.5318816468254,26.1619400793651,29.5949578373016,3.53891041666667,20.5555145833333,58.3942625,0.98279751984127,0.984893253968254,0.986604662698413,65.7462094246032,82.0375275793651,94.0311774801587,6.06307619047619,7
201002,173,23.7898220238095,26.2975217261905,29.7129699404762,3.11043611111111,19.8035395833333,51.3646458333333,0.983803075396826,0.985912797619048,0.987869543650794,66.914110515873,82.9428251984127,94.0971391865079,5.92314791666667,7
201003,176,24.0273,26.5858589285714,29.9085363095238,1.46347152777778,14.8951930555556,41.2602506944445,0.983557142857143,0.985810615079365,0.987785416666667,66.4087165674603,81.5741912698413,92.9897034722222,5.88123630952381,7
201004,176,23.3868584325397,25.4482556547619,28.5104648809524,6.47309166666667,40.2442076388889,106.43594375,0.982334027777778,0.984470436507937,0.986334623015873,74.2897306547619,88.3967176587301,96.8972950396825,5.1236064484127,7
201005,240,24.3898328373016,26.9004968253968,30.3454756944444,3.00033958333333,19.0877527777778,56.2739104166667,0.982336507936508,0.984378670634921,0.986271130952381,67.7990643849206,83.2031945436508,93.7363056547619,5.95564285714286,7
201006,192,23.7787209325397,25.758354265873,28.8325880952381,9.44733055555556,51.6521256944444,143.354799305556,0.981995436507936,0.984034821428571,0.985748015873016,73.3659557539683,87.4709078373016,95.8251120039683,5.05386716269841,7
201007,258,24.1239632936508,26.6881822420635,30.1256774801587,3.18371319444444,19.6516409722222,52.6718354166667,0.982765972222222,0.984884027777778,0.986773412698413,67.6880145833333,83.2788631944445,94.3953906746032,6.00171418650794,7
201008,272,24.2815705357143,26.7993697420635,30.3118380952381,4.39942152777778,23.4504402777778,58.6460409722222,0.982476388888889,0.984738988095238,0.986618948412698,68.6523490079365,84.2974155753968,95.2609171626984,6.03026755952381,7
201009,401,24.3654182539683,27.1936293650794,30.8702576388889,1.25429791666667,12.2071159722222,38.7633736111111,0.982971130952381,0.985371726190476,0.987381051587301,65.0479658730159,81.743973015873,94.4873689484127,6.50483938492063,7
201010,446,24.5813715277778,27.4320706349206,31.1291358134921,1.28933680555556,11.1454930555556,31.647225,0.982600992063492,0.984732936507937,0.986635317460318,63.0342038690476,80.3519430555555,93.3721162698413,6.54776428571428,7
201011,514,24.2742549603175,26.8797413690476,30.5535027777778,2.54297916666667,21.9208993055556,64.6076152777778,0.983501587301587,0.985756150793651,0.987707142857143,66.8391152777778,83.1230130952381,94.2305359126984,6.27924781746032,7
201012,392,23.4769185515873,25.6560078373016,28.8077987103175,7.49246597222222,49.5717548611111,122.900054166667,0.983081845238095,0.985482837301587,0.987411607142857,73.7830484126984,87.6908225198413,96.4864478174603,5.33088015873016,7
201013,332,23.5447008928571,25.4475139880952,28.2812086309524,8.59831527777778,55.0551034722222,140.70721875,0.982707738095238,0.984921527777778,0.986883333333333,77.6753484126984,90.0355245039682,97.4614866071428,4.73650773809524,7
201014,391,23.5245955357143,25.5995900793651,28.5991628968254,9.10032986111111,49.4530430555556,123.589013194444,0.982859623015873,0.985060416666667,0.986877579365079,76.8839549603175,89.8613607142857,97.6604860119048,5.07456736111111,7
201015,308,23.4199239087302,25.4560253968254,28.3765115079365,8.19302847222222,49.3818513888889,124.151598611111,0.983060912698413,0.985177380952381,0.987064880952381,77.3255643849207,90.1333467261905,97.788541468254,4.95658759920635,7
201016,279,23.797918452381,26.1668559523809,29.5582320436508,11.4210722222222,47.1041569444444,122.98815625,0.983712797619048,0.985966964285714,0.987767956349206,73.6107603174603,88.4740951388889,97.5441544642857,5.76031359126984,7
201017,263,23.993878968254,26.3989810515873,29.6686782738095,4.78582708333333,26.5737291666667,69.5482347222222,0.983907837301587,0.985965476190476,0.987839186507937,71.7737129960317,86.503537797619,96.1026529761905,5.67479930555556,7
201018,283,23.43723125,25.8696138888889,29.1510831349206,3.95663194444444,30.2959083333333,85.9086979166667,0.983741765873016,0.986086011904762,0.987947321428571,74.1668058531746,88.1876768849206,97.4005080357143,5.71385188492064,7
201019,290,23.9176754960317,26.5860204365079,29.9959466269841,2.16179236111111,15.6557256944444,43.83915625,0.98339375,0.985773015873016,0.987615376984127,70.1159983134921,85.6249419642857,96.1895416666667,6.07827113095238,7
201020,269,24.0476578373016,26.7506300595238,30.2231782738095,2.30528680555556,14.9189680555556,42.9461604166667,0.983213392857143,0.985400297619047,0.987055753968254,69.222180952381,85.4951458333333,96.381627281746,6.17552043650794,7
201021,263,24.2221757936508,26.7116912698413,30.0831073412698,1.75802222222222,16.5070597222222,49.3625166666667,0.982869841269841,0.984889484126984,0.986723313492063,71.923858234127,86.3084320436508,96.0463910714286,5.86093154761905,7
201022,241,23.3923321428571,25.7784541666667,28.9447656746032,4.0878,27.4078430555556,76.2415722222222,0.986705456349206,0.988708630952381,0.990418650793651,72.2684517857143,86.5678633928571,96.2834749007937,5.55243353174603,7
201023,263,23.3219375,26.2578698412698,29.898195734127,0.770213194444444,7.33760277777778,23.1880375,0.986605952380952,0.988548214285714,0.990235714285714,66.264114484127,83.226068452381,95.0345929563492,6.57625823412698,7
201024,257,23.154128968254,26.0986179563492,29.8437820436508,2.48125,12.1233548611111,38.2207673611111,0.98507619047619,0.986962599206349,0.988548115079365,64.1172678571428,80.9343510912698,92.5934902777778,6.68965307539683,7
201025,196,23.2177844246032,26.3211053571429,30.1569703373016,0.619520138888889,6.48810972222222,24.31824375,0.985191964285714,0.986932043650794,0.988629563492064,61.4341699404762,79.5651875,92.7338830357143,6.93918591269841,7
201026,216,23.2280196428571,26.4879714285714,30.38333125,0.82213125,4.08261388888889,12.9882743055556,0.985517757936508,0.98714503968254,0.988637400793651,55.5539215277778,73.2015015873016,86.0556867063492,7.15531160714286,7
201027,195,23.408924702381,26.7186978174603,30.7710518849206,0.629206944444444,6.79698888888889,24.3695770833333,0.984749603174603,0.986586111111111,0.988050793650794,56.9927494047619,74.4469208333333,87.8601655753968,7.36212718253968,7
201028,165,23.4790465277778,26.6239927579365,30.5828514880952,0.930772916666667,7.88439652777778,26.965375,0.984555555555556,0.986352876984127,0.988032440476191,60.8581586309524,77.9573528769841,91.4033400793651,7.10380496031746,7
201029,219,22.842733234127,25.9781927579365,29.9675683531746,1.42274513888889,12.1923097222222,39.6529222222222,0.986728273809524,0.988796031746032,0.990434722222222,61.5769747023809,78.3402424603174,90.9353028769841,7.12483511904762,7
201030,170,23.6374287698413,26.9998841269841,31.2143713293651,0.302638194444444,5.19959097222222,20.1968229166667,0.984643055555556,0.986733630952381,0.988516964285714,53.0765456349206,71.0492162698413,84.6574723214286,7.57694255952381,7
201031,265,23.4479697420635,27.446480952381,32.036029265873,0.200464583333333,2.03388958333333,7.76930138888889,0.984476091269841,0.986216369047619,0.9879125,48.2090978174603,67.4602645833333,83.9842660714286,8.58805952380952,7
201032,306,23.2110157738095,27.4876626984127,32.4461608134921,0.104045833333333,1.37894027777778,5.40151319444444,0.985861607142857,0.987818551587302,0.989603373015873,43.0612765873016,64.2920509920635,82.4232409722222,9.23514503968254,7
201033,317,23.0753681547619,26.9516790674603,31.6558718253968,1.68626597222222,10.58913125,30.9215493055556,0.985408432539683,0.987498809523809,0.989384722222222,50.0803706349206,70.1862765873016,86.3682617063492,8.58050367063492,7
201034,281,23.9737211309524,27.865299702381,32.505369047619,0.0508,1.45964097222222,5.54813125,0.984373611111111,0.986448412698412,0.988208630952381,49.2383749007937,68.2377520833333,84.8265223214286,8.53164791666667,7
201035,252,23.9433942460317,28.0939432539683,33.0172986111111,0.0531027777777778,1.19453958333333,4.69317152777778,0.984469940476191,0.986231349206349,0.988199702380952,45.5317655753968,66.6864654761905,85.2546162698413,9.07390436507936,7
201036,292,24.1134890873016,28.1838721230159,33.085597718254,0.819402777777778,4.97151875,13.8933180555556,0.984248809523809,0.986458134920635,0.988403075396825,46.2799482142857,66.4205107142857,84.0518141865079,8.97210863095238,7
201037,227,24.4386558531746,28.6017509920635,33.5948143849206,0.0445805555555555,1.63326388888889,7.38197638888889,0.982900694444445,0.984855952380953,0.986773313492063,44.2566662698413,65.1175896825397,83.8330844246032,9.15615853174603,7
201038,264,24.3389216269841,28.5733817460317,33.4813078373016,0.209979166666667,2.34729444444445,7.06640694444445,0.982445436507936,0.984561111111111,0.986756646825397,43.7885133928571,63.8472778769841,82.5130618055555,9.14238621031746,7
201039,260,24.6814161706349,28.9397705357143,34.0103424603175,0.0764756944444444,1.32167986111111,4.24487083333333,0.981660515873016,0.983713392857143,0.985997321428571,43.0570465277778,63.9381218253968,83.0213486111111,9.32892628968254,7
201040,257,24.7038200396825,29.1382218253968,34.3061461309524,0.03735,1.00424166666667,3.44766944444444,0.983487698412698,0.985583134920635,0.988008531746032,41.3069349206349,63.5530188492063,84.3575591269841,9.60232609126984,7
201041,344,24.7577314484127,28.7350545634921,33.4535517857143,0.190938194444444,2.92184375,10.308275,0.983385813492064,0.985590178571428,0.987851884920635,46.6168090277778,67.3503222222222,86.0952523809524,8.69582033730159,7
201042,294,24.4193166666667,28.0853575396825,32.7215139880952,1.09399652777778,8.72501944444444,25.1096930555556,0.982431547619048,0.984931448412698,0.987425198412698,50.5341214285714,71.77285625,89.5193433531746,8.30219732142857,7
201043,257,24.0779479166667,27.2012259920635,31.4410423611111,3.22367569444444,20.2630173611111,58.8570569444445,0.980987698412699,0.983448313492064,0.985533630952381,58.7507439484127,78.862985218254,93.4929169642857,7.36309444444444,7
201044,364,24.416097718254,27.8970205357143,32.0659974206349,0.410694444444444,5.49991180555555,16.9366388888889,0.981696527777778,0.983965575396825,0.986402579365079,54.4428468253968,73.4993254960318,89.074753968254,7.64989970238095,7
201045,382,24.4667600198413,27.6845879960317,31.9228383928571,1.36242708333333,12.1478791666667,33.3042208333333,0.981574603174603,0.983902678571428,0.986174206349206,55.8478343253968,75.4829462301587,90.7004627976191,7.45607837301587,7
201046,501,23.5792343253968,26.451135218254,30.1931278769841,3.15089861111111,25.2640034722222,67.0514743055556,0.981547916666667,0.984166369047619,0.986635813492063,64.3389251984127,82.008116468254,94.9083023809524,6.6138935515873,7
201047,578,23.6928133928571,26.7661123015873,30.7217775793651,2.42157291666667,15.8110368055556,42.8438826388889,0.980251785714286,0.982825,0.985251488095238,61.1468560515873,80.0368250992064,94.3535212301587,7.02896418650794,7
201048,635,24.1503523809524,27.2715693452381,31.2089327380952,1.21260833333333,11.2977951388889,34.8969201388889,0.980909126984127,0.983160813492064,0.985421626984127,59.6314,78.3315247023809,92.7345322420635,7.05858035714286,7
201049,523,23.8019993055556,26.775766765873,30.6088881944444,1.33481388888889,15.1561930555556,46.2492,0.98137123015873,0.983590575396825,0.985721130952381,61.151312797619,80.2745959325397,94.3831751984127,6.80688888888889,7
201050,510,23.7007025793651,25.9233175595238,29.0043174603175,5.49712916666667,30.3406486111111,75.02215625,0.980420833333333,0.982499900793651,0.984517757936508,67.4928248015873,82.8849627976191,93.2953037698413,5.30361488095238,7
201051,430,23.0999905753968,25.7054213293651,29.3405831349206,4.27279444444445,27.4770451388889,75.7416208333333,0.981951091269841,0.98411498015873,0.986219742063492,68.1825448412698,84.8145053571429,95.5878841269841,6.24059255952381,7
201052,506,23.2325217261905,25.6526866071429,28.9576381944444,4.8155,30.1479277777778,73.6814652777778,0.980712103174603,0.983144543650794,0.985092559523809,70.3604629960317,85.6887435515873,96.0479750992064,5.72511646825397,7
201101,679,22.931021031746,25.2684503968254,28.485875297619,4.62400902777778,31.4114402777778,81.6732722222222,0.981595535714286,0.983645138888889,0.985625396825397,71.4748905753968,86.7098525793651,96.458989484127,5.55485426587301,7
201102,794,23.0758951388889,25.3701741071429,28.4986265873016,2.41715694444444,25.4483194444444,73.3958298611111,0.982239484126984,0.98434255952381,0.986337400793651,71.8418432539683,86.259254563492,95.7000869047619,5.4227314484127,7
201103,865,22.6425601190476,24.438727281746,27.0832322420635,11.2598604166667,61.8210895833333,144.243522916667,0.98177996031746,0.983805357142857,0.985672222222222,78.4272565476191,90.1115467261905,97.1077493055555,4.44067212301587,7
201104,1066,22.2074045634921,24.2262638888889,27.1483597222222,9.23722569444444,52.58745625,128.005623611111,0.983177281746032,0.985269841269841,0.987181646825397,78.1007403769841,90.6558033730159,98.0776123015873,4.94095515873016,7
201105,1243,22.446575297619,24.7060325396825,27.927741468254,6.05829513888889,38.0403659722222,96.6670944444444,0.98341626984127,0.986035317460318,0.988186011904762,75.1609098214286,88.8902993055556,97.4035795634921,5.48116617063492,7
201106,1167,22.602798015873,24.8985761904762,28.2528709325397,7.29221458333333,41.6804416666667,102.993890972222,0.9831,0.985453174603174,0.98734880952381,74.0663530753968,88.6879571428571,97.5831097222222,5.65007291666667,7
201107,1138,22.6037302579365,24.4066109126984,27.1150838293651,12.6757368055556,68.6711618055556,163.395589583333,0.983123313492063,0.985485515873016,0.987272916666667,79.0946225198413,91.2748767857143,98.0828547619048,4.51135357142857,7
201108,1030,22.7166483134921,24.9164833333333,28.0756021825397,4.02417152777778,34.2452930555555,93.0711965277778,0.982575198412698,0.985007539682539,0.987016369047619,74.9345576388889,88.6369588293651,97.279110218254,5.35895386904762,7
201109,831,22.5566782738095,24.7692100198413,27.9765225198413,5.62847569444444,41.2131208333333,105.371203472222,0.982093055555556,0.984503968253968,0.986514384920635,75.0751871031746,88.8039388888889,97.2287816468254,5.41984424603175,7
201110,764,22.66603125,24.8697008928571,27.9770876984127,6.48799791666667,45.5169534722222,113.079530555556,0.982222916666667,0.984615178571429,0.986643849206349,75.461235515873,89.247700297619,97.7010635912698,5.3110564484127,7
201111,887,22.5909411706349,25.0618077380952,28.4612956349206,6.39754791666667,38.9424270833333,108.465477083333,0.983126884920635,0.985607242063492,0.98766498015873,71.6732786706349,87.2534064484127,97.0819993055556,5.87035446428571,7
201112,788,22.9017740079365,25.2333370039683,28.5022280753968,5.93109027777778,40.8580423611111,101.052211805556,0.982312797619048,0.984668551587302,0.98677628968254,73.3850152777778,87.6339751984127,96.9136922619048,5.60045406746032,7
201113,716,22.8130286706349,24.6679995039683,27.4571369047619,10.1530597222222,78.8514951388889,203.003973611111,0.983884920634921,0.986133531746032,0.988067956349206,79.1412407738095,91.0026569444445,98.0236029761905,4.64410823412698,7
201114,597,22.7469557539683,24.8691493055556,27.963191765873,6.01046319444444,42.7487104166667,106.112813888889,0.983446626984127,0.985680158730159,0.98763125,76.117962202381,89.7033317460317,97.8891656746032,5.21623601190476,7
201115,418,22.4482581349206,24.4890389880952,27.3709096230159,7.19620833333333,57.3670583333333,142.830556944444,0.983259523809524,0.985587797619048,0.987447023809524,78.5066773809524,90.8285322420635,98.2688903769841,4.92265148809524,7
201116,270,22.5973621031746,24.6704186507936,27.5377107142857,4.70406111111111,41.2279326388889,101.738121527778,0.983606944444444,0.985657738095238,0.987475595238095,78.635135515873,90.6033474206349,97.9891186507936,4.94034861111111,7
201117,302,22.5126250992063,24.4816125,27.3229183531746,11.1267548611111,67.0597708333333,169.476370138889,0.983976091269841,0.986184623015873,0.987981547619048,80.4062527777778,91.8947764880952,98.743726984127,4.81029325396825,7
201118,246,23.1159301587302,25.2333970238095,28.0966560515873,6.63027083333333,50.4311951388889,131.8948,0.983509126984127,0.985698908730159,0.98757251984127,78.7982930555556,90.6678533730159,98.0569900793651,4.98072589285714,7
201119,238,23.1858316468254,25.6189044642857,28.7290049603175,4.78389166666667,28.2844208333333,76.8625291666667,0.982602976190476,0.984589186507936,0.986267956349206,72.6097941468254,87.1815566468254,96.5735688492063,5.54317331349206,7
201120,192,22.8583766865079,24.962862797619,27.8630242063492,5.48016666666667,35.2313979166667,86.7920583333333,0.983882242063492,0.985926785714286,0.98767371031746,77.692641468254,90.0099553571428,97.8588177579365,5.00464751984127,7
201121,132,22.917556547619,25.5160285714286,28.753989484127,1.27938402777778,13.4963180555556,44.0134972222222,0.985020138888889,0.986906150793651,0.988526388888889,68.8925538690476,84.5315507936508,94.7305331349206,5.83643293650794,7
201122,139,23.0626430555556,26.0630570436508,29.5615543650794,1.09460347222222,8.00295277777778,22.7787993055556,0.983961309523809,0.985851091269841,0.987525496031746,62.9650511904762,80.2600383928571,92.456785515873,6.49891130952381,7
201123,115,22.8512077380952,26.0167688492063,29.9015348214286,0.477619444444444,6.69887083333333,27.0657458333333,0.985826091269841,0.987647718253968,0.989327777777778,63.173120734127,81.206339484127,94.1330294642857,7.05032708333333,7
201124,93,23.2477419642857,26.3650220238095,30.0956475198413,0.458004166666667,4.77015138888889,15.6695138888889,0.984976488095238,0.986878571428571,0.988534325396825,59.1774573412698,76.4036593253968,89.4210277777778,6.84790555555555,7
201125,71,23.0876471230159,25.9755853174603,29.5896049603175,1.63984375,11.7987,37.2340333333333,0.984817757936508,0.986644345238095,0.988150793650794,64.6788636904762,81.1135568452381,93.2530916666667,6.50195783730159,7
201126,102,22.7369263888889,25.620864484127,29.3718242063492,2.28783263888889,15.8699465277778,44.7229590277778,0.984415873015873,0.986552876984127,0.988198115079365,65.4408350198413,81.9057235119048,93.7019378968254,6.63489781746032,7
201127,77,22.5617347222222,25.6456282738095,29.524241765873,1.46011666666667,9.80310555555556,30.2120402777778,0.985232341269841,0.987201884920635,0.988852579365079,63.3700374007936,80.1362333333333,92.3450592261905,6.96250704365079,7
201128,54,22.6553534722222,25.6763412698413,29.5036395833333,0.94473125,6.09494375,22.6799652777778,0.985439682539682,0.987185515873016,0.988670634920635,61.0766535714286,78.8471807539683,91.5440883928571,6.84828611111111,7
201129,81,22.7809116071429,26.4668285714286,30.818273015873,0.182707638888889,2.6420625,12.17919375,0.98588382936508,0.987621031746032,0.989209623015873,55.0800387896825,74.5584204365079,89.9960571428571,8.03736140873016,7
201130,72,22.771895734127,26.6094714285714,31.0818166666667,0.424880555555556,3.46975972222222,14.1881805555556,0.984081845238095,0.986158630952381,0.987843849206349,48.4164018849206,68.8640940476191,84.9026362103175,8.30992093253968,7
201131,76,23.1605970238095,26.8089404761905,31.0670449404762,0.331189583333333,4.70734166666667,17.47825625,0.985269841269841,0.986897817460318,0.988634325396825,56.2913318452381,74.5776206349206,90.0187426587302,7.90644791666667,7
201132,82,23.0374523809524,27.0382797619048,31.8257134920635,0.462008333333333,3.03932916666667,10.3919868055556,0.985226388888889,0.987415079365079,0.989132638888889,49.9542816468254,70.4745630952381,87.8245628968254,8.78826111111111,7
201133,103,23.3671114087302,27.5373287698413,32.4839541666667,0.243378472222222,1.94178263888889,7.19458194444444,0.983394047619047,0.985407837301587,0.987245337301587,46.0141362103175,67.7378201388889,86.0304171626984,9.11684275793651,7
201134,82,23.7898458333333,27.522741765873,32.2426178571429,0.863580555555555,6.22230486111111,17.2482201388889,0.985294047619048,0.98737380952381,0.989289186507936,49.5757994047619,69.142041468254,85.0336796626984,8.45277202380952,7
201135,110,23.7885573412698,27.7429751984127,32.4724202380952,0.196588888888889,2.28679861111111,7.90246875,0.985534226190476,0.987519345238095,0.989244146825397,48.0076533730159,68.1781528769841,85.6653193452381,8.6838628968254,7
201136,99,23.789700297619,27.956114484127,32.8855464285714,0.449905555555556,3.08857638888889,10.4233993055556,0.984180059523809,0.986290972222222,0.988192956349207,45.1133171626984,66.4222574404762,85.1116953373016,9.09584613095238,7
201137,83,24.1437910714286,28.2739260912698,33.1762409722222,0.177711111111111,1.77257986111111,6.71713194444445,0.985093055555555,0.987230158730159,0.989268154761905,44.0759549603175,64.8932544642857,83.5365280753968,9.03244990079365,7
201138,101,24.3742775793651,28.7431759920635,33.878655952381,0.0787701388888889,1.42694375,5.35382291666667,0.983816170634921,0.985898412698413,0.988198611111111,40.9132413690476,62.1799151785714,81.5543588293651,9.50437837301588,7
201139,100,24.5994668650794,28.6825790674603,33.5706580357143,0.148665972222222,1.86750486111111,6.29693333333333,0.98368501984127,0.986041071428571,0.98820376984127,44.2799402777778,64.6557137896826,83.1912722222222,8.97119117063492,7
201140,61,24.3308033730159,27.9207405753968,32.3630471230159,0.980260416666667,7.14833541666667,20.5056222222222,0.982728968253968,0.985008333333333,0.987335714285714,50.4634757936508,70.5454253968254,87.6741193452381,8.03224375,7
201141,103,24.7927081349206,28.3906518849206,32.8686295634921,0.459845138888889,5.76572361111111,14.8668833333333,0.980652777777778,0.983267658730159,0.985747817460318,50.2968854166667,69.5028841269841,86.1583389880952,8.07592142857143,7
201142,102,23.6801783730159,26.517403968254,30.3642779761905,4.79917916666667,36.4209722222222,102.682995138889,0.981475992063492,0.983735912698413,0.985897222222222,63.2287181547619,80.5585342261905,93.2671541666667,6.6840996031746,7
201143,99,23.6664984126984,27.0492590277778,31.2898768849206,0.470310416666667,8.55443680555556,33.2249423611111,0.982011904761905,0.984355952380953,0.986656944444444,57.1379117063492,76.8381440476191,91.557441765873,7.62337847222222,7
201144,156,23.3287634920635,26.139587202381,29.8819327380952,3.60455416666667,22.2726152777778,60.8500333333333,0.982713293650794,0.985181746031746,0.987436309523809,63.9302641865079,81.6815601190476,94.3582617063492,6.55316924603175,7
201145,185,23.8080374007937,26.7105442460317,30.3718702380952,2.44973333333333,14.9675826388889,38.5324,0.981426091269841,0.983943948412698,0.986152976190476,60.9019365079365,78.2870924603175,91.5735801587302,6.56383283730159,7
201146,287,23.5384973214286,26.5087529761905,30.2921827380952,2.17623402777778,16.62946875,46.1381645833333,0.98189117063492,0.98407996031746,0.98636121031746,61.3470273809524,79.5998205357143,93.4354371031746,6.75368541666667,7
201147,302,23.8049443452381,27.0451749007937,31.1293640873016,0.918364583333333,10.9452375,32.1250722222222,0.982340079365079,0.984837202380953,0.987356150793651,57.3994472222222,77.0322314484127,92.5520771825397,7.32441974206349,7
201148,256,23.847755952381,26.9391752976191,30.8658760912698,1.62828611111111,14.4331368055556,41.1096736111111,0.981116170634921,0.983470535714286,0.985670436507937,59.3259176587302,77.9690244047619,92.3439439484127,7.01812013888889,7
201149,343,23.8010432539682,27.4427193452381,31.7967345238095,1.16588680555556,5.82201736111111,16.7703041666667,0.980971825396825,0.983222916666667,0.985557043650794,53.3490222222222,73.5326975198413,90.4348145833333,7.99569126984127,7
201150,385,24.1966785714286,27.5008757936508,31.6902495039682,0.934061111111111,7.49533541666667,19.7014645833333,0.98137628968254,0.98364246031746,0.985749206349206,53.625137202381,73.0197235119048,88.8832904761905,7.49357093253968,7
201151,325,24.0724055555556,27.2508235119048,31.297154265873,1.87064166666667,12.8908881944444,32.8674013888889,0.982513392857143,0.98472003968254,0.986909523809524,56.294672718254,74.8630424603174,90.0785320436508,7.22474871031746,7
201152,293,24.045545734127,26.7966274801587,30.4668464285714,1.60437569444444,14.07955,37.6291631944444,0.984045138888889,0.986348214285714,0.98844751984127,60.9070196428571,78.3802624007937,91.4992248015873,6.42130069444444,7
201201,541,23.8520930555556,26.2218955357143,29.6243506944445,4.53200625,27.18529375,67.8440986111111,0.983558630952381,0.98575248015873,0.987649801587302,65.3860610119048,81.7371242063492,92.9366451388889,5.77225763888889,7
201202,534,23.548878968254,26.0625393849206,29.4804689484127,4.46635347222222,25.9657173611111,62.59985,0.9833375,0.985435813492064,0.987442658730159,66.4475171626984,82.513389484127,93.8531795634921,5.93158998015873,7
201203,597,22.7340915674603,24.8467761904762,27.9787049603175,6.70677291666667,40.6854104166667,102.755776388889,0.983678968253968,0.985877777777778,0.987784424603175,72.6847311507937,87.4908641865079,96.692751984127,5.24461339285714,7
201204,667,22.6959551587302,25.0691410714286,28.2599990079365,7.06882777777778,38.0436868055556,91.8649756944444,0.982688492063492,0.984874603174603,0.986893253968254,71.6446419642857,86.7270623015873,96.7746016865079,5.56404384920635,7
201205,786,23.4388933531746,26.171022718254,29.7497857142857,3.49283333333333,19.9119541666667,47.5380819444444,0.981942063492063,0.984180357142857,0.985997619047619,63.7940325396825,80.6891776785714,93.2236851190476,6.31089236111111,7
201206,911,23.2471404761905,25.6049908730159,28.8904237103175,4.40328263888889,28.28576875,69.1558,0.982927777777778,0.984994642857143,0.987011706349206,69.4892558531746,84.4222541666667,94.4173558531746,5.64328323412698,7
201207,652,22.0749547619048,24.1115168650794,27.0504406746032,7.80200138888889,47.2373326388889,112.299459722222,0.983774007936508,0.986005357142857,0.98784871031746,76.2892793650794,89.7398570436508,97.7062244047619,4.97548591269841,7
201208,647,22.3410586309524,24.5872317460317,27.8140044642857,4.40570347222222,40.9972916666667,105.340758333333,0.982805357142857,0.985327876984127,0.98748244047619,74.4523506944444,88.5154427579365,97.3085935515873,5.47294583333333,7
201209,817,22.2470319444444,24.4992055555556,27.8618137896825,7.25386388888889,44.0052888888889,105.935478472222,0.983649107142857,0.98604751984127,0.988064087301587,74.6459489087302,88.8718133928571,97.4134496031746,5.6147818452381,7
201210,807,22.3636922619048,24.5920887896825,27.7526409722222,7.48725277777778,42.7223173611111,97.0218319444444,0.983675992063492,0.986067261904762,0.988076388888889,75.1282320436508,88.3404231150794,96.926808234127,5.38894871031746,7
201211,780,22.6700660714286,25.1028754960317,28.5334053571429,5.07090416666667,37.1991868055556,94.7765222222222,0.983968650793651,0.986458630952381,0.988450793650794,73.2285376984127,87.7225740079365,97.1372797619048,5.86333928571429,7
201212,694,22.6951076388889,24.9404483134921,28.1999185515873,7.99993958333333,46.9995993055556,119.050603472222,0.982693154761905,0.985248115079365,0.987462400793651,74.5694679563492,88.6745474206349,97.5223396825397,5.50481091269841,7
201213,501,22.6945736111111,24.8425691468254,28.129626984127,6.29940069444444,49.4948,135.031748611111,0.984557738095238,0.986794841269841,0.988714781746032,75.9580449404762,89.5011348214286,97.6285896825397,5.43505337301587,7
201214,463,23.2837733134921,25.8879537698413,29.3761956349206,2.19561805555556,19.4103861111111,52.5961604166667,0.982524107142857,0.985254861111111,0.987348115079365,71.3408284722222,86.0245422619047,96.1103427579365,6.09242232142857,7
201215,467,22.9506060515873,25.4127264880952,28.7517047619048,4.14746180555555,28.40098125,76.1126555555555,0.983464583333333,0.985738392857143,0.987634920634921,73.5128446428571,87.5419136904762,97.0075656746032,5.80109871031746,7
201216,426,22.7937674603175,25.2456681547619,28.6758717261905,5.07315,31.5378597222222,77.0951472222222,0.98367380952381,0.986162400793651,0.988240476190476,74.5284677579365,88.1475779761905,97.284748015873,5.88210426587302,7
201217,327,23.1278634920635,25.5684464285714,28.9875005952381,2.80510694444444,22.91909375,65.0187354166667,0.983390674603175,0.985679265873016,0.987613888888889,73.0178222222222,87.6855862103175,97.1029524801587,5.8596371031746,7
201218,289,23.1473362103175,25.8754283730159,29.4392482142857,2.86285416666667,18.2759895833333,49.3678854166667,0.98367748015873,0.985869543650794,0.987641071428572,70.1241674603175,85.9961010912698,96.7222158730159,6.29191200396825,7
201219,292,22.9549304563492,25.8251743055556,29.5694118055556,1.02132777777778,12.0176861111111,40.6172770833333,0.98418005952381,0.98625128968254,0.98791746031746,68.1216418650794,84.2644199404762,95.5350628968254,6.61448134920635,7
201220,248,23.0004751984127,25.6557575396825,29.1289371031746,1.07438333333333,13.2225854166667,40.0451666666667,0.983721825396825,0.985889186507936,0.987817658730159,69.5477423611111,84.8392261904762,95.7483555555555,6.12846190476191,7
201221,223,22.8636451388889,25.5915223214286,29.0380619047619,1.63513819444444,11.1460756944444,32.4366916666667,0.985203869047619,0.987341369047619,0.989171726190476,69.6048479166667,84.5505695436508,95.3325481150794,6.17441676587302,7
201222,148,22.9654432539683,26.0077553571429,29.6383264880952,0.323120833333333,5.11720902777778,18.3254875,0.985826587301587,0.987802083333333,0.989533531746032,66.1607759920635,83.3036840277778,95.7744486111111,6.67288323412698,7
201223,143,22.8678032738095,25.7597083333333,29.4040112103175,1.72229791666667,11.4398597222222,34.1586708333333,0.985242162698413,0.987466765873016,0.989170238095238,67.8279375992064,83.9874428571429,95.5719366071428,6.53620793650794,7
201224,198,22.8203395833333,25.7413388888889,29.396485218254,1.16475416666667,9.66795347222222,27.9403423611111,0.985317261904762,0.987038293650794,0.988653273809524,66.7487168650794,83.0411572420635,94.7981451388889,6.57614563492063,7
201225,165,22.7086853174603,25.6271321428571,29.2436472222222,0.640800694444445,7.53633055555556,26.4686652777778,0.986180357142857,0.987866765873016,0.989401785714286,67.9998618055556,83.5879059523809,95.2194463293651,6.5349619047619,7
201226,163,22.1352825396825,25.1959226190476,29.1064086309524,2.03702430555556,11.1760673611111,37.1340104166667,0.986868551587301,0.988899900793651,0.990438690476191,64.2240952380952,82.266902281746,94.6027252976191,6.97112609126984,7
201227,139,22.2941843253968,25.4440423611111,29.4295053571429,0.874275,8.04753958333333,26.6348041666667,0.984870833333333,0.986711111111111,0.988291666666667,62.1990670634921,79.2425742063492,91.5857818452381,7.13532103174603,7
201228,168,22.7804620039683,25.8347556547619,29.7003838293651,1.19627222222222,11.0568590277778,36.43361875,0.984473313492064,0.986437400793651,0.98801369047619,64.3862101190476,80.3379811507937,92.6026392857143,6.91992182539683,7
201229,162,22.6319178571429,25.7772461309524,29.649705952381,1.38869791666667,10.4689520833333,31.4525770833333,0.986259126984127,0.988275396825397,0.990108234126984,63.6211575396825,80.0230774801587,92.9364856150794,7.0177880952381,7
201230,175,22.7621967261905,26.4339968253968,30.907970734127,0.123197222222222,2.72677986111111,10.5708854166667,0.986344047619048,0.988283928571428,0.990064384920635,55.0223548611111,74.8643558531746,90.6976535714286,8.14577400793651,7
201231,191,22.8657928571429,26.8781358134921,31.5320453373016,0.112796527777778,1.03266458333333,3.76265902777778,0.985629563492064,0.987428373015873,0.989280952380952,46.0210714285714,67.3351337301587,84.4883151785714,8.66625248015873,7
201232,233,23.1237242063492,26.7877021825397,31.3492607142857,0.622485416666667,6.334925,22.6736347222222,0.985505257936508,0.987547619047619,0.989188888888889,52.6460915674603,71.6597450396825,87.0343895833333,8.22553650793651,7
201233,195,23.1470523809524,26.9864383928571,31.6522866071429,0.497925694444444,3.18441736111111,11.2441979166667,0.985563492063492,0.987493353174604,0.989451884920635,48.036839781746,67.7653845238095,84.1248446428571,8.50523422619048,7
201234,196,23.1486083333333,27.344233531746,32.2922259920635,0.123992361111111,1.35296458333333,4.97601875,0.985860912698413,0.987708928571429,0.98954126984127,42.2535947420635,63.356364781746,81.2942879960318,9.14361765873016,7
201235,141,23.4955342261905,27.4800518849206,32.2750131944444,0.241235416666667,2.33474166666667,7.23130625,0.98628621031746,0.988337896825397,0.990217261904762,48.0795636904762,67.6287476190476,85.2597926587302,8.77947896825397,7
201236,125,23.3800969246032,27.6871850198413,32.6517923611111,0.0569229166666667,1.29835347222222,5.06616041666667,0.986822222222222,0.988623313492063,0.990529761904762,44.5225050595238,66.2239553571429,86.3223172619047,9.27169543650793,7
201237,163,23.8907947420635,28.2001338293651,33.2071671626984,0.0409847222222222,0.894307638888889,3.25134861111111,0.985080555555556,0.987181349206349,0.989358829365079,43.147631547619,63.9499149801587,83.4998455357143,9.31637242063492,7
201238,122,24.1436669642857,28.2760114087302,33.1696288690476,0.0319069444444444,1.42232291666667,4.70883263888889,0.984344841269841,0.986414087301587,0.988655654761905,43.9163515873016,64.9033488095238,84.0367701388889,9.02596190476191,7
201239,108,24.2660559523809,28.0320293650794,32.7273861111111,0.71351875,4.54453125,13.2586340277778,0.98439751984127,0.986660317460318,0.988891964285714,47.9298229166667,68.1590420634921,85.9216712301587,8.46133015873016,7
201240,99,24.3232075396825,28.2683119047619,32.9821250992063,0.174909722222222,2.18175069444444,7.59271111111111,0.983342956349206,0.9855125,0.987755059523809,47.2869337301587,67.5824380952381,85.9353491071429,8.65891755952381,7
201241,111,24.1989088293651,27.9373214285714,32.6033662698413,0.701438194444444,8.27852986111111,26.9296618055556,0.982950793650794,0.985118650793651,0.987316170634921,49.492672718254,69.6604496031746,86.993468452381,8.40445744047619,7
201242,78,24.2112077380952,27.426216468254,31.5837015873016,0.609365972222222,8.4620375,25.8555166666667,0.982250595238096,0.984627579365079,0.986868253968254,55.7533791666667,74.4159712301587,89.3284416666666,7.37249384920635,7
201243,106,24.1052976190476,28.2240263888889,33.1713426587302,0.123340972222222,1.75475208333333,5.75469513888889,0.981867757936508,0.983774107142857,0.986030456349206,45.6191202380952,67.5224876984127,86.9502692460317,9.06604503968254,7
201244,127,24.2693719246032,28.2840228174603,33.2819956349206,0.348541666666667,3.34611180555556,12.2497715277778,0.982571329365079,0.984959920634921,0.987383829365079,47.8684198412698,69.5565843253968,88.0405507936508,9.01262371031746,7
201245,149,24.4743412698413,28.2483363095238,32.8743694444444,0.726884027777778,6.10190138888889,16.3064569444444,0.981230059523809,0.983660515873016,0.985972817460317,48.0894462301587,68.9391790674603,87.1810861111111,8.40002817460317,7
201246,176,24.2813380952381,27.6777790674603,32.1189526785714,1.61791875,9.56532291666667,27.9036611111111,0.981928273809524,0.984262698412698,0.986675793650793,52.5163989087302,72.5205426587302,89.065960218254,7.83761458333333,7
201247,202,24.5648950396825,28.3011382936508,32.8446271825397,0.385025694444444,4.01751736111111,13.3344569444444,0.982189484126984,0.98447371031746,0.986678174603175,49.6778706349206,69.794062202381,87.4287078373016,8.27973214285714,7
201248,196,24.3435881944444,27.2730435515873,31.2019959325397,4.19601111111111,29.2247125,80.6403298611111,0.981688095238095,0.984215476190476,0.986484027777778,59.0987735119048,77.1967212301587,91.4058533730159,6.85840773809524,7
201249,179,23.6146123015873,26.2843172619048,29.7212961309524,4.12507361111111,27.1980520833333,70.0017270833333,0.982620634920635,0.984686507936508,0.986677281746032,65.4872143849206,81.3506284722222,93.2758642857143,6.10668382936508,7
201250,135,24.0114171626984,27.027075,30.8651304563492,0.850416666666667,10.94040625,34.3074180555556,0.981402380952381,0.983747916666667,0.985831944444444,59.768996031746,78.3473724206349,92.955300297619,6.85371329365079,7
201251,91,23.6901493055556,26.4400558531746,30.120871031746,2.50592430555556,17.8453604166667,55.3235152777778,0.98203878968254,0.984050297619048,0.985957936507936,65.2193115079365,82.3703918650794,94.5990375,6.43072172619048,7
201252,91,23.544141765873,26.105683531746,29.4773476190476,2.13342083333333,15.1472180555556,39.4311409722222,0.982910813492063,0.98498869047619,0.987047718253968,67.4893882936508,83.0169657738095,94.4429671626984,5.9332058531746,7
201301,199,23.2111778769841,25.5244638888889,28.8382012896825,4.84366736111111,30.99859375,79.0694423611111,0.984111309523809,0.986339682539683,0.988432837301587,72.0196949404762,86.7629993055555,96.1474839285714,5.62702341269841,7
201302,287,23.5455351190476,25.5658290674603,28.3161396825397,4.66751458333333,34.8034854166667,88.8693840277778,0.98297003968254,0.985236011904762,0.987103472222222,73.9281721230159,86.4375275793651,95.1088445436508,4.77060456349206,7
201303,383,23.2985681547619,25.498952281746,28.5187424603175,4.59229444444444,31.3029208333333,82.4160548611111,0.983325892857143,0.98536746031746,0.987458531746032,73.7056159722222,87.3322271825397,96.2812176587302,5.22017430555556,7
201304,492,23.7024431547619,25.8077795634921,28.7287336309524,5.35323333333333,37.7443326388889,103.1827125,0.984525496031746,0.986457142857143,0.988294742063492,71.2445737103175,85.2400107142857,94.7133965277778,5.02629047619048,7
201305,554,23.7935463293651,25.7499699404762,28.4617090277778,5.57761875,31.8309097222222,76.8440111111111,0.984021428571428,0.986072916666667,0.987920932539682,74.4679791666667,87.3079796626984,95.6015463293651,4.6681626984127,7
201306,394,23.3854999007936,25.422935218254,28.4076339285714,5.83287291666667,37.17145625,93.1241868055556,0.982474503968254,0.984725793650794,0.986645734126984,75.2495724206349,88.54925,96.8463306547619,5.02213402777778,7
201307,535,22.7334500992063,24.8920905753968,28.0417168650794,5.55151666666667,41.9252347222222,104.903180555556,0.98317996031746,0.985551488095238,0.987503472222222,75.6269596230159,89.041402281746,97.2938118055556,5.30826676587302,7
201308,532,22.9941285714286,25.4184266865079,28.901208234127,5.81088125,33.7779652777778,87.2688458333333,0.982409325396825,0.985017757936508,0.986968353174603,72.008510515873,87.3757199404762,97.1372922619047,5.90707966269841,7
201309,580,23.6787626984127,26.044377281746,29.3539672619048,3.27693472222222,22.4959277777778,58.9755215277778,0.982705357142857,0.984991567460317,0.986789583333334,70.242775,84.937700297619,94.9001693452381,5.67520456349206,7
201310,430,23.4947265873016,25.6610756944444,28.804746031746,4.3400875,37.1962034722222,103.345274305556,0.984314781746032,0.986543353174603,0.988387103174603,74.1792119047619,88.163341765873,96.6672448412698,5.31001944444445,7
201311,434,23.9534193452381,26.4335278769841,29.937841765873,1.56206180555556,16.1494201388889,47.0268576388889,0.982352678571428,0.984718055555555,0.986756746031746,70.0253141865079,84.9589601190476,95.2749412698413,5.98442242063492,7
201312,465,23.1570657738095,25.0974971230159,27.9699186507936,7.72667777777778,52.0380625,126.605822916667,0.983242063492064,0.985549107142857,0.987387896825397,76.7347515873016,89.7574064484127,97.4276282738095,4.81285287698413,7
201313,392,23.1424867063492,25.1597061507936,28.087041765873,7.29436527777778,49.3637076388889,118.235383333333,0.984291071428572,0.986489484126984,0.988387896825397,76.1870675595238,88.7978083333333,96.8260066468254,4.94455505952381,7
201314,431,23.2488773809524,25.5752015873016,28.9185851190476,6.88172222222222,34.1660666666667,95.2080527777778,0.985059920634921,0.987343948412698,0.989263591269841,72.4784881944444,86.9239338293651,96.1351770833333,5.66970773809524,7
201315,429,23.3722455357143,25.722839781746,29.1278004960317,4.7571875,29.8739381944444,79.8641854166667,0.983589186507936,0.98615128968254,0.988139583333333,72.0214340277778,86.8630296626984,96.3387804563492,5.75555496031746,7
201316,370,23.2401001984127,25.2903130952381,28.2238998015873,4.79737847222222,40.1609548611111,100.485361805556,0.983809821428571,0.986004563492064,0.987793253968254,76.9508863095238,89.2787465277778,97.1246418650794,4.9837996031746,7
201317,242,22.7957076388889,24.8327124007937,27.7744160714286,8.84306597222222,51.0938930555556,124.088763194444,0.984296726190476,0.986777678571429,0.988761904761905,77.8871758928571,90.5653641865079,97.9917154761905,4.97870843253968,7
201318,239,22.9142487103175,25.3002257936508,28.6473156746032,4.83796666666667,34.73513125,91.7594291666667,0.983993650793651,0.986180357142857,0.987932341269841,74.3841974206349,88.9508384920635,97.8475449404762,5.73306696428571,7
201319,207,22.9950821428571,25.2000391865079,28.2713608134921,6.22970208333333,40.63845,114.764545138889,0.985677678571429,0.987951388888889,0.989920932539682,76.7097571428571,89.815625,97.9244025793651,5.27627867063492,7
201320,182,23.1555140873016,25.8636678571429,29.4015669642857,2.353575,18.1842493055556,51.5119368055556,0.984219642857143,0.986302380952381,0.988158829365079,70.1319057539683,85.5537327380952,95.6956669642857,6.24605287698413,7
201321,127,23.0914691468254,25.4889018849206,28.6025623015873,4.46894166666667,24.5541465277778,63.1127604166667,0.984390079365079,0.986684920634921,0.98856755952381,74.8837954365079,87.8808451388889,96.7973186507937,5.5110931547619,7
201322,96,23.0120986111111,25.9119113095238,29.4828484126984,1.04487986111111,10.2253569444444,31.6791381944444,0.984342261904762,0.986403869047619,0.988075694444444,68.3998756944444,84.6520454365079,96.0238798611111,6.4707498015873,7
201323,62,22.8295859126984,25.6459994047619,29.0583611111111,1.11948888888889,12.2309013888889,35.5939034722222,0.985618948412698,0.987675198412698,0.989424503968254,69.5616678571429,85.3555103174603,96.4497541666667,6.2287751984127,7
201324,56,22.9667572420635,25.8951572420635,29.5479944444444,1.37064513888889,9.29746944444445,31.4504145833333,0.985290972222222,0.987287301587302,0.988884623015873,65.7493459325397,82.351120734127,93.9535681547619,6.58123720238095,7
201325,33,23.13670625,26.0855907738095,29.7317630952381,0.496481944444444,4.70525763888889,13.6333680555556,0.984786607142857,0.986648115079365,0.988365079365079,66.3182828373016,82.759651984127,95.0266785714286,6.5950568452381,7
201326,26,23.1174551587302,26.2082974206349,29.9906004960317,1.10904305555556,7.23413888888889,23.0822618055555,0.985315674603175,0.987267658730159,0.98891626984127,63.1585151785714,80.2695286706349,93.0210818452381,6.87314533730159,7
201327,33,22.5725998015873,25.1991981150794,28.6430113095238,3.73099930555555,24.7747638888889,68.6266020833334,0.985656547619048,0.987727182539683,0.989389285714286,69.5104641865079,84.2829445436508,94.7809692460318,6.07041150793651,7
201328,18,22.6359487103175,25.7112255952381,29.5364746031746,1.70940208333333,11.2140951388889,34.8045548611111,0.985916666666667,0.987862996031746,0.989499603174603,63.3851651785714,79.4408759920635,91.3690036706349,6.90052589285714,7
201329,21,22.6959354166667,25.9367297619048,29.8214527777778,0.605265972222222,8.11746527777778,27.8546215277778,0.985649603174603,0.987637599206349,0.989232837301587,61.0806133928571,78.6393654761905,92.2265180555556,7.12551736111111,7
201330,23,22.6551214285714,25.7930286706349,29.7288036706349,1.90646666666667,11.3765958333333,38.9437145833333,0.986312400793651,0.988278571428572,0.989975694444444,63.4416029761905,81.116476686508,94.1919597222222,7.07368224206349,7
201331,18,22.7405326388889,26.136021031746,30.3529088293651,0.838811805555556,7.13763125,24.9607354166667,0.986594345238095,0.988622023809524,0.99025248015873,59.6288679563492,77.8709416666667,91.9086763888889,7.61237619047619,7
201332,24,23.2033239087302,26.8068614087302,31.2086685515873,0.698736805555556,4.43947638888889,14.8603840277778,0.984127976190476,0.986263492063492,0.988097321428571,54.9790677579365,73.4073199404762,88.1891101190476,8.00534464285714,7
201333,22,23.5434482142857,26.8938634920635,31.1087017857143,0.809129861111111,6.63897013888889,18.0557402777778,0.984081547619048,0.986280853174603,0.988048115079365,58.8305636904762,76.4507678571428,90.8472288690476,7.56525357142857,7
201334,26,23.406258531746,26.6231888888889,30.6908204365079,0.6871,6.41614236111111,18.9398138888889,0.984252579365079,0.986393253968254,0.988328670634921,59.30895625,76.4361023809524,90.7098202380952,7.2845619047619,7
201335,23,23.5222755952381,26.8043452380952,30.9332838293651,0.682690277777778,9.85826180555555,31.0065729166667,0.985424107142857,0.987425992063492,0.989384523809524,59.5483093253968,76.8703422619048,91.1697972222222,7.41100823412699,7
201336,25,23.4427740079365,26.5490107142857,30.5714574404762,0.629397916666667,8.44310138888889,26.8783819444444,0.984506448412698,0.98667251984127,0.988677380952381,61.0595847222222,78.7982604166667,92.6648627976191,7.12868343253968,7
201337,23,23.3889774801587,26.5691959325397,30.7318413690476,1.30001041666667,10.9768354166667,32.5506701388889,0.984011607142857,0.986175297619048,0.98815625,59.4057422619048,77.8736316468254,92.1725219246032,7.34286388888889,7
201338,22,24.0441456349206,27.6902145833333,32.0537181547619,0.314127083333333,2.24369027777778,6.66490833333333,0.983646031746032,0.985761904761905,0.988100297619047,51.6798053571428,70.8192100198413,87.1623795634921,8.00957251984127,7
201339,26,23.9986573412698,27.7069971230159,32.2667365079365,0.525700694444444,3.07533263888889,10.0708777777778,0.984730158730159,0.986869047619047,0.988978472222222,52.0410521825397,72.2800053571429,89.2790223214286,8.26807916666667,7
201340,35,24.0861274801587,27.8652600198413,32.4520741071429,0.204719444444444,3.28133680555556,11.7198402777778,0.983608928571429,0.985703075396825,0.988030555555556,49.7788557539683,70.365547718254,87.8475796626984,8.36594662698413,7
201341,24,23.9764018849206,27.3331731150794,31.5511793650794,1.66341388888889,10.03671875,27.0999381944444,0.983828075396825,0.986151091269841,0.988263888888889,55.5492970238095,74.7206407738095,90.4389418650794,7.57477748015873,7
201342,24,24.3298758928571,27.815760218254,32.1290895833333,0.612688194444444,5.96124097222222,15.4003493055556,0.982964186507936,0.985310416666667,0.987745932539683,51.3010625,70.6508820436508,86.8358628968254,7.79921369047619,7
201343,30,23.8986770833333,27.5646300595238,32.0963458333333,0.339654861111111,5.01034791666667,17.3717756944444,0.983518948412698,0.985815972222222,0.988046329365079,51.5380463293651,72.0984979166667,89.205835515873,8.19766875,7
201344,58,23.910705952381,26.9402682539683,30.9464970238095,1.85908611111111,15.1952354166667,43.5234798611111,0.98220625,0.984592658730159,0.986833829365079,57.7897900793651,76.5325527777778,90.9246363095238,7.03579107142857,7
201345,58,23.6134768849206,26.5687456349206,30.4687998015873,2.07112222222222,15.0777888888889,43.5445756944444,0.982227182539683,0.984659325396826,0.986682043650794,60.068825,78.8268520833333,92.9304263888889,6.85532291666667,7
201346,55,23.9159766865079,26.9806919642857,30.9335149801587,1.94181736111111,13.9831430555556,36.6776965277778,0.981966567460317,0.98437003968254,0.98649871031746,58.4503217261905,76.936516765873,91.5324975198413,7.01753829365079,7
201347,86,23.6487114087302,26.4321947420635,30.2778140873016,3.20859236111111,17.4507868055556,44.66186875,0.981582738095238,0.984048214285714,0.986117857142857,62.4928530753968,80.0809023809524,92.7828918650794,6.62910267857143,7
201348,86,23.5857339285714,26.392837797619,30.1329487103175,2.34395347222222,19.4138875,55.5383340277778,0.980979067460318,0.983397420634921,0.985618154761905,63.3259321428571,81.0428271825397,94.0269176587302,6.54721478174603,7
201349,80,23.875828968254,27.2581325396825,31.4122619047619,0.920815972222222,5.35482430555556,16.3276263888889,0.983253075396825,0.985259722222222,0.987358531746032,56.1785404761905,76.1131796626984,92.0230765873016,7.53643293650794,7
201350,89,24.023212797619,27.2239159722222,31.3524825396825,0.374109027777778,4.94868472222222,16.7630625,0.983247916666667,0.985393551587302,0.987286904761905,55.5775849206349,75.1741491071429,90.5966138888889,7.32926974206349,7
201351,33,23.9826586309524,26.725252281746,30.25490625,4.10931527777778,23.4623763888889,53.537075,0.980961607142857,0.983315476190476,0.98536130952381,60.40315625,77.9519742063492,91.6085986111111,6.27224761904762,7
201352,48,23.6452550595238,26.18838125,29.6820537698413,4.69286597222222,29.9609861111111,77.2395138888889,0.983040079365079,0.985111408730159,0.986970634920635,66.2049371031746,83.1821069444445,94.8851333333333,6.03679871031746,7
201401,69,23.8749713293651,26.8878948412698,30.6637656746032,1.25046736111111,8.943175,24.7947548611111,0.982928373015873,0.985022817460318,0.987109027777778,58.5177524801587,76.8332034722222,91.1659999007937,6.7887943452381,7
201402,104,22.9887842261905,25.4909942460317,29.0068554563492,5.14120416666667,32.6546041666667,75.5555034722222,0.98339246031746,0.985627876984127,0.987612797619048,67.8170986111111,83.6713300595238,94.4620494047619,6.01807123015873,7
201403,124,23.0232245039683,25.5408481150794,29.1847768849206,5.36632569444444,30.6687666666667,83.7329152777778,0.984890575396826,0.98715753968254,0.989197619047619,68.0591826388889,84.964835218254,95.7902858134921,6.16155238095238,7
201404,164,23.2382175595238,25.5599464285714,28.6586550595238,4.90546527777778,28.3604291666667,71.6299923611111,0.983971130952381,0.986097420634921,0.987865277777778,70.5339158730159,84.9260469246032,95.0953834325397,5.4204375,7
201405,153,22.523733234127,24.7711907738095,28.1763141865079,10.0625694444444,44.1893597222222,105.942609722222,0.983667361111111,0.985880952380952,0.987623611111111,72.330971031746,87.559958234127,96.9266089285714,5.65258095238095,7
201406,138,22.6333954365079,24.7692961309524,27.9949745039683,8.51884444444445,49.2261513888889,122.549408333333,0.982963690476191,0.9853125,0.987184821428571,75.3278722222222,89.1962326388889,97.4431982142857,5.36157906746032,7
201407,165,22.6771328373016,24.6791416666667,27.5757962301587,9.8948625,48.5292680555555,108.952611111111,0.983327678571428,0.985592857142857,0.98747757936508,77.5065139880953,89.9097822420635,97.5398800595238,4.89866339285714,7
201408,174,22.7246875,24.5275265873016,27.2496028769841,10.4800215277778,56.5010902777778,135.480232638889,0.983147222222222,0.985343452380952,0.987132638888889,79.1869378968254,90.8725892857143,97.7387264880952,4.52491537698413,7
201409,137,23.1384271825397,25.4893541666667,28.9015120039683,4.29892361111111,28.3780555555556,72.1956423611111,0.982816468253968,0.985268253968254,0.987200694444444,71.38609375,86.8635896825397,96.4917083333333,5.76308482142857,7
201410,165,22.7100100198413,24.4581339285714,27.1149297619048,9.58982986111111,61.6073618055556,149.481702083333,0.983791964285714,0.985941369047619,0.987764285714286,79.6591768849206,91.319201984127,97.9118556547619,4.40491974206349,7
201411,150,22.7475125992063,24.8128621031746,27.8866074404762,7.18024583333333,43.2258708333333,112.298536805556,0.983920337301587,0.986269047619048,0.988122321428571,75.7218048611111,89.0865742063492,97.1131338293651,5.13909484126984,7
201412,191,23.0815110119048,25.2335302579365,28.4233408730159,4.49074166666667,32.3837958333333,86.0014513888889,0.983332043650794,0.985534920634921,0.987402976190476,74.0254773809524,87.9379373015873,96.4425643849206,5.34182986111111,7
201413,156,22.8833654761905,25.1272625992064,28.283327281746,5.2634,32.5998819444444,76.0704256944445,0.984281944444445,0.986720833333333,0.988688888888889,74.3282619047619,88.1320449404762,97.0473958333333,5.39996180555555,7
201414,175,22.923955952381,25.27285,28.5974906746032,13.2267027777778,53.8930180555556,143.073894444444,0.984322222222222,0.986756845238095,0.988759523809524,73.0361024801587,87.6592296626984,96.9202885912698,5.67353472222222,7
201415,134,22.994389484127,25.0583635912698,28.0099013888889,5.01250972222222,41.6897958333333,107.264456944444,0.985087698412698,0.987308928571429,0.989124404761905,75.4388265873016,88.3968395833333,96.5067572420635,5.0155119047619,7
201416,115,22.8309295634921,25.1467086309524,28.3746553571429,4.80229791666667,38.2487590277778,95.6499840277778,0.983308928571428,0.985866170634921,0.987910515873016,74.8661626984127,88.6303774801587,97.493917063492,5.54372579365079,7
201417,135,23.0846577380952,25.3021321428571,28.3923978174603,4.65501319444444,32.2151951388889,84.2487319444444,0.983644940476191,0.986108531746032,0.988084623015873,75.9561857142857,89.1381109126984,97.5574529761905,5.30774007936508,7
201418,130,22.9970257936508,25.1367402777778,27.9970904761905,4.4014375,46.4021486111111,129.883465972222,0.984106150793651,0.986228075396825,0.988115575396825,76.0237347222222,88.6261951388889,96.6728741071429,5.00006468253968,7
201419,142,22.915230952381,25.0480283730159,27.863139484127,4.72240208333333,38.5316902777778,97.36788125,0.984832638888889,0.987116369047619,0.989094642857143,77.3660080357143,89.4353452380952,97.2299129960317,4.94790853174603,7
201420,102,22.9091547619048,25.0543336309524,28.1186614087302,5.04486736111111,37.4810604166667,98.4902944444444,0.984073511904762,0.986319642857143,0.988236111111111,76.359577281746,89.3100496031746,97.3494438492064,5.2095066468254,7
201421,76,22.9347160714286,25.151964781746,28.2215092261905,4.20355833333333,30.2959770833333,82.0749590277778,0.984530853174603,0.986641964285714,0.988485317460317,76.752296031746,89.5220141865079,97.6056086309524,5.2867931547619,7
201422,93,22.9593286706349,25.5922275793651,28.9325544642857,1.37470347222222,14.1171305555556,42.5193965277778,0.984762301587302,0.986937103174603,0.988732738095238,72.1689435515873,87.1018412698413,97.238473015873,5.97322579365079,7
201423,65,23.2926433531746,26.2428232142857,29.8883839285714,0.64844375,6.11384513888889,20.8009513888889,0.983153174603175,0.984967361111111,0.986452678571428,66.0002953373016,82.7991851190476,94.6367868055556,6.59574057539682,7
201424,55,23.1251461309524,26.1296343253968,29.9412771825397,0.780279166666667,9.44123541666667,30.7350020833333,0.985425099206349,0.987299900793651,0.988977579365079,62.8155949404762,80.1441419642857,92.4533778769841,6.8161310515873,7
201425,55,23.0835132936508,25.6854526785714,29.1327587301587,2.27977847222222,17.7817125,47.10860625,0.986603571428571,0.98863253968254,0.990201785714286,68.881566765873,83.1374299603175,93.2205091269841,6.04924543650794,7
201426,52,23.0439512896825,25.8445568452381,29.4308662698413,2.1611375,16.1582805555556,46.0430298611111,0.985897123015873,0.987909424603175,0.989598313492064,65.649291765873,80.8448955357143,92.1259504960317,6.38691498015873,7
201427,40,22.7837550595238,25.7437615079365,29.4431889880952,1.40422777777778,9.72170694444445,31.3487034722222,0.986489583333333,0.988559722222222,0.990118253968254,67.1388447420635,82.7468890873016,94.496173015873,6.65943392857143,7
201428,41,22.9887182539683,26.0062306547619,29.9871703373016,0.945845138888889,8.72470208333333,29.4115090277778,0.986806448412698,0.988784722222222,0.990465277777778,61.3422010912698,78.1097475198413,90.1496126984127,6.99845208333333,7
201429,35,22.9334911706349,26.1205764880952,29.9972113095238,0.753238888888889,5.70827569444444,18.1686791666667,0.987914781746032,0.989844444444444,0.991337599206349,61.1020290674603,77.7207719246032,90.9172592261905,7.06372013888889,7
201430,49,23.1537912698413,26.3856184523809,30.2594536706349,0.390230555555555,3.36477569444444,10.0730833333333,0.986226785714286,0.988289087301587,0.990116666666667,58.8988401785714,76.0070314484127,90.0623776785714,7.10566240079365,7
201431,35,23.0578536706349,26.4821036706349,30.6394011904762,1.12301041666667,5.83891527777778,21.5813,0.987084722222222,0.98909126984127,0.990858432539683,55.0965146825397,73.6710954365079,88.1177005952381,7.58154751984127,7
201432,36,23.1869206349206,26.6081495039683,30.7431117063492,0.409980555555556,3.76768541666667,11.1239291666667,0.986270436507937,0.988130357142857,0.989724702380952,57.2504031746032,74.9602885912698,90.0134040674603,7.55619107142857,7
201433,33,23.1679833333333,27.0085419642857,31.6249501984127,0.186025694444444,2.50435208333333,9.67016041666667,0.986273313492064,0.988076884920635,0.989910317460318,51.1013250992064,70.9620126984127,87.4612385912698,8.45696686507936,7
201434,33,23.1940700396825,27.3674992063492,32.2698801587302,0.128907638888889,1.45069930555556,5.40391041666667,0.98528244047619,0.987335515873016,0.989041170634921,44.7062807539683,66.1262254960317,84.2907284722222,9.07581011904762,7
201435,55,23.6395474206349,27.2215498015873,31.6246463293651,0.21804375,3.57361875,14.5088319444444,0.985066865079365,0.986810119047619,0.988560912698413,51.8396302579365,71.2652250992063,87.4264388888889,7.98509890873016,7
201436,52,23.3058313492063,27.128035218254,31.7051976190476,0.328426388888889,3.96368611111111,13.8133298611111,0.985343452380952,0.987297321428572,0.989318055555555,50.4697544642857,71.1781893849206,88.4015975198413,8.39936626984127,7
201437,39,23.647299702381,27.1038404761905,31.5369262896825,0.627261111111111,4.35666875,14.5058909722222,0.984274007936508,0.986342162698413,0.988172420634921,53.2719904761905,73.1504839285714,89.1363324404762,7.88962658730159,7
201438,39,24.049916765873,27.6784978174603,32.2209775793651,0.114518055555556,2.99241944444444,12.5838104166667,0.984631150793651,0.986595436507936,0.988609821428571,52.2870399801587,71.3186536706349,87.6209003968254,8.17106081349207,7
201439,58,23.880110218254,27.8929158730159,32.6812548611111,0.0781520833333333,1.47105277777778,6.0349375,0.984604761904762,0.986676388888889,0.988876984126984,46.9306851190476,67.8425375,86.421983234127,8.80114464285714,7
201440,63,24.0686854166667,27.7590544642857,32.3510767857143,0.627847916666667,6.11054236111111,17.1009590277778,0.984536706349206,0.986752380952381,0.988748511904762,49.4014124007937,70.2131379960317,87.9565875,8.28239136904762,7
201441,109,24.2380995039683,27.7599209325397,32.244428968254,0.32163125,4.2628375,14.6394368055556,0.983215972222222,0.985303373015873,0.987520337301587,50.885624702381,70.6950641865079,86.9888808531746,8.00632946428571,7
201442,64,24.3177625992063,27.8433750992063,32.3132148809524,0.401084027777778,4.31369583333333,14.5436493055556,0.984536507936508,0.986609821428572,0.988502579365079,52.6009525793651,72.6757198412698,89.2566845238095,7.99545228174603,7
201443,40,23.9729444444444,27.3590216269841,31.6123268849206,0.974954861111111,9.60790138888889,27.2117784722222,0.98301498015873,0.985524305555555,0.987810218253968,55.2239194444444,74.7704365079365,90.8576486111111,7.63938244047619,7
201444,54,23.8194953373016,27.5659333333333,32.1328735119048,0.839611805555555,6.24420694444444,19.0187319444444,0.982783134920635,0.984969047619047,0.987128571428571,49.7376572420635,71.2802161706349,89.1547498015873,8.31337817460317,7
201445,72,24.1842240079365,27.598391468254,31.8910870039683,0.974371527777778,9.17242222222222,29.5221993055556,0.982403869047619,0.984893055555555,0.987132440476191,54.4155416666667,73.6621806547619,89.191410218254,7.70686299603175,7
201446,47,23.923778968254,27.4930493055555,31.958620734127,0.533747222222222,7.92015694444444,26.41836875,0.981933333333333,0.984067757936508,0.986246924603175,51.8417454365079,73.1431642857143,90.1495612103175,8.03484176587302,7
201447,49,24.0895892857143,27.2320803571429,31.2373044642857,1.10310833333333,11.5144215277778,30.5343770833333,0.982636408730159,0.985077876984127,0.987228174603175,57.216839781746,75.9070353174603,91.0281215277778,7.14771517857143,7
201448,48,24.0499675595238,27.5911820436508,31.998216468254,1.107125,6.76712569444445,19.8762506944444,0.982583234126984,0.984747123015873,0.986737400793651,50.9328653769841,71.7457412698413,88.8504763888889,7.94824890873016,7
201449,61,24.1424078373016,27.4112478174603,31.4516288690476,0.936419444444444,9.91740902777778,32.2274451388889,0.982308829365079,0.984447718253968,0.986640674603175,55.7133657738095,74.640598015873,90.0322770833333,7.30922103174603,7
201450,54,23.8846476190476,26.7633969246032,30.4942435515873,2.69294097222222,17.1046173611111,46.2833847222222,0.982610615079365,0.984900992063492,0.986873611111111,59.5366188492063,77.7267740079365,91.8263639880952,6.60959593253968,7
201451,37,23.954443452381,26.8097410714286,30.6034075396825,1.69983472222222,14.1512083333333,42.7943527777778,0.983194345238095,0.985385119047619,0.987355357142857,60.0282790674603,77.867251984127,91.4896759920635,6.64896408730159,7
201452,30,24.1171711309524,27.2440215277778,31.306720734127,1.26324791666667,8.37042708333333,25.1518166666667,0.983614682539683,0.985615972222222,0.98744880952381,55.1847819444445,74.4083997023809,89.5147229166667,7.1895496031746,7
201501,70,23.1409571428571,25.8141720238095,29.4618850198413,2.69353402777778,19.3485986111111,57.2297916666667,0.984957142857143,0.987059623015873,0.989017162698413,65.7835345238095,82.7715648809524,94.5659170634921,6.32092787698413,7
201502,70,23.3397442460317,25.8581839285714,29.4407322420635,5.30847708333333,24.4894388888889,62.0059486111111,0.984638492063492,0.986767956349206,0.988619345238095,67.378775297619,84.0376975198413,95.3530952380952,6.10098799603175,7
201503,83,23.1755677579365,25.5013286706349,28.7827499007936,4.58332777777778,27.76300625,65.8197229166667,0.983920535714286,0.986315376984127,0.988287599206349,69.3077571428572,84.6675287698413,95.1223751984127,5.60718214285714,7
201504,103,23.4043007936508,26.1978491071429,29.9701954365079,1.81341666666667,13.0691138888889,37.9733923611111,0.983809325396825,0.985907638888889,0.987709027777778,63.8042629960317,81.1828596230159,93.8073615079365,6.56589464285714,7
201505,134,23.1082036706349,25.1948933531746,28.2646621031746,5.37397222222222,34.4780763888889,86.8348861111111,0.984098015873016,0.986352678571428,0.988332440476191,72.4925568452381,86.1922868055556,94.8393274801587,5.15645843253968,7
201506,119,23.4229720238095,25.9402395833333,29.4697893849206,6.39248055555555,36.1566868055556,90.411775,0.984458829365079,0.986507539682539,0.988363988095238,68.8130306547619,84.9241719246032,95.7171491071428,6.04681736111111,7
201507,182,23.2498005952381,25.3550294642857,28.3113190476191,7.99952361111111,42.4237020833333,96.6270222222222,0.98350248015873,0.98579880952381,0.987571329365079,72.9563426587302,86.9743336309524,95.9932978174603,5.06151845238095,7
201508,211,22.672668452381,24.9760515873016,28.2341525793651,4.33439791666667,30.3068916666667,82.33594375,0.984059027777778,0.986294345238095,0.988186904761905,72.3964962301587,87.1182991071428,96.537433531746,5.56148412698413,7
201509,255,22.5468427579365,24.59335,27.4715375992064,6.12923472222222,48.795975,110.997051388889,0.98352628968254,0.985936408730159,0.987948908730159,77.9805046626984,90.1078584325397,97.6395941468254,4.92469484126984,7
201510,331,23.1375913690476,25.2685074404762,28.4554191468254,6.67133958333333,59.9307819444444,163.542622222222,0.982510912698413,0.985018452380952,0.986987003968254,75.3110723214286,88.9700125992063,97.0889927579365,5.31782777777778,7
201511,305,22.9612516865079,24.7721069444444,27.5423681547619,7.86471527777778,51.4021715277778,133.782572222222,0.983386507936508,0.985483928571429,0.987421527777778,78.6288219246032,90.9285159722222,97.8962829365079,4.58111646825397,7
201512,283,22.7176965277778,25.0646607142857,28.4828030753968,4.61576736111111,34.0592625,92.8674395833334,0.985593452380952,0.987893055555556,0.989731845238095,74.0742106150794,88.9979609126984,97.9908991071429,5.76510654761905,7
201513,202,23.149878968254,25.357939781746,28.4454806547619,4.64956597222222,38.2175902777778,100.115636805556,0.984404662698413,0.986863888888889,0.98876875,73.3416992063492,86.6906736111111,95.6292390873016,5.29560168650794,7
201514,265,22.8052407738095,24.988101984127,28.0131381944444,5.46677847222222,35.5439263888889,98.4179451388889,0.984367261904762,0.986407738095238,0.988221329365079,74.5203830357143,87.6993911706349,96.4517875992064,5.20789742063492,7
201515,256,22.9179615079365,25.017720734127,28.0884362103175,11.6906451388889,58.4732652777778,148.51068125,0.98451001984127,0.986850694444445,0.988793253968254,77.1584737103175,90.1895971230159,97.9059887896826,5.17047470238095,7
201516,229,23.0280404761905,25.3600762896825,28.6803571428571,2.98700972222222,27.9141715277778,78.9549395833333,0.984363591269842,0.986593154761905,0.988533234126984,73.8697137896825,88.0551743055556,96.9856199404762,5.65231666666667,7
201517,221,23.0972471230159,25.268185515873,28.3360266865079,4.26855625,28.3877006944444,71.8083604166667,0.983531944444444,0.985945436507937,0.987696031746032,75.7340836309524,88.9404054563492,97.1288251984127,5.23877956349206,7
201518,243,22.8009618055556,24.8754601190476,27.8954351190476,5.54491458333333,36.7369222222222,91.7275229166667,0.984855257936508,0.987150396825397,0.989004662698413,77.4466633928571,90.1414701388889,97.8442472222222,5.09447331349206,7
201519,219,23.3210360119048,26.0361484126984,29.5001381944444,1.59165347222222,13.5802548611111,40.0947784722222,0.984320734126984,0.986603968253968,0.98843373015873,69.7369989087302,85.2323607142857,96.070079265873,6.17910218253968,7
201520,204,23.2745640873016,25.7670598214286,29.0453327380952,2.36082638888889,16.9726243055556,45.5650402777778,0.985637698412698,0.98791994047619,0.989668551587302,71.5568947420635,86.1863500992063,95.8194848214286,5.77076865079365,7
201521,159,23.1727310515873,25.6849609126984,28.9271093253968,1.09693958333333,13.6133548611111,36.8440131944444,0.984262996031746,0.986444543650794,0.988269345238095,72.2253293650794,86.6813350198413,96.3746308531746,5.75437827380952,7
201522,157,23.2863225198413,26.0342134920635,29.6291712301587,1.28860902777778,11.36095,35.7234534722222,0.985048611111111,0.987089682539682,0.988837599206349,68.4509880952381,83.946216765873,94.8627768849206,6.34284871031746,7
201523,142,22.9196318452381,25.6649184523809,29.2511403769841,1.84579930555556,13.2086625,41.46350625,0.985088392857143,0.98697876984127,0.98845505952381,69.0421838293651,84.5326342261905,95.1157131944444,6.33150853174603,7
201524,146,23.1330751984127,26.2998604166667,30.081899702381,0.590884027777778,4.04377152777778,12.9769791666667,0.985520734126984,0.987354265873016,0.988978670634921,62.3194979166667,80.1451732142857,93.3001873015873,6.94882450396825,7
201525,102,22.9036549603175,25.8564916666667,29.5592536706349,1.46182013888889,9.87553541666667,28.7207944444444,0.988455753968254,0.990269444444444,0.99184623015873,62.5521216269841,78.7249651785714,90.7514060515873,6.65559871031746,7
201526,99,23.1778950396825,25.95771875,29.5472401785714,1.17813125,8.79955972222222,24.6061506944444,0.986058432539683,0.988175099206349,0.989850297619048,64.0262713293651,79.4129415674603,90.8164657738095,6.36934513888889,7
201527,98,22.9836712301587,25.858675297619,29.579901984127,1.15737708333333,8.91539444444444,25.3500243055556,0.985801091269841,0.987662599206349,0.989306746031746,65.4057849206349,82.4614799603175,94.6453249007937,6.59623075396825,7
201528,95,23.1760279761905,26.6717729166667,30.7594844246032,0.443278472222222,2.31091388888889,7.37007708333333,0.985885515873016,0.987685615079365,0.989266071428572,52.6478459325397,72.7935126984127,87.8531406746032,7.5834564484127,7
201529,98,23.2563390873016,26.3573515873016,30.2676214285714,1.22364722222222,8.69350833333333,25.8307013888889,0.986596527777778,0.988380357142857,0.989889583333333,59.0238563492063,75.8565404761905,88.6096899801587,7.01128234126984,7
201530,112,23.0686199404762,26.448568452381,30.7141256944444,0.413922916666667,5.83951111111111,22.9706847222222,0.985660416666667,0.987710416666667,0.989304464285714,57.750762797619,76.3113353174603,90.8082536706349,7.64550575396825,7
201531,129,23.2469054563492,27.0841908730159,31.5680246031746,0.0765118055555555,1.42390694444444,5.11926944444444,0.985421428571429,0.987189583333333,0.98876746031746,49.9523170634921,69.8901402777778,86.9597899801587,8.3211191468254,7
201532,139,23.1971257936508,27.2440083333333,31.9600701388889,0.0971875,1.23175208333333,4.36456388888889,0.985544940476191,0.987310119047619,0.989116865079365,45.8484550595238,66.4930629960317,84.1699000992064,8.7629443452381,7
201533,122,23.8670910714286,27.9957314484127,32.9288975198413,0.180363888888889,1.44202152777778,5.53438402777778,0.984374107142857,0.98644126984127,0.988173214285714,44.0269891865079,65.7103800595238,83.9170887896825,9.0618064484127,7
201534,110,24.1975533730159,27.9344257936508,32.557972718254,0.0847923611111111,1.65134513888889,6.45802638888889,0.984385615079365,0.986324107142857,0.98814375,49.8965981150794,69.3957148809524,86.0986163690476,8.36041934523809,7
201535,104,24.1210369047619,28.0793076388889,32.9182264880952,0.134765277777778,1.52281944444444,5.67496805555556,0.985436111111111,0.987558630952381,0.98945257936508,47.6976458333333,68.5510545634921,86.6034645833333,8.79718958333333,7
201536,145,23.9948247023809,28.2152978174603,33.1243090277778,0.0205840277777778,0.649450694444444,2.51639305555556,0.984113591269841,0.986000992063492,0.988138988095238,43.727422718254,64.6641915674603,83.6721878968254,9.12948432539683,7
201537,98,24.5212706349206,28.6949639880952,33.6339532738095,0.009225,0.965370833333333,3.49455763888889,0.984487301587301,0.98654246031746,0.988388690476191,43.1320598214286,64.2987468253968,83.8567426587302,9.11268263888889,7
201538,106,24.5338007936508,28.7233048611111,33.6298140873016,0.00631805555555556,0.487661805555555,1.85153402777778,0.984048313492063,0.986003869047619,0.988086507936508,42.9396490079365,62.7293828373016,81.1919184523809,9.09601329365079,7
201539,104,24.6210895833333,28.8736041666667,33.9468260912698,0.0189388888888889,0.451664583333333,1.83209305555556,0.982536111111111,0.984704662698413,0.986835813492064,41.763325,62.4339124007936,81.6958942460317,9.32573650793651,7
201540,102,25.1892017857143,29.0743083333333,33.994741765873,0.410260416666667,2.57397083333333,8.88524166666667,0.98359871031746,0.985798313492064,0.987819742063492,45.1030029761905,65.2911382936508,83.0007104166667,8.80553998015873,7
201541,101,24.9367625992064,28.9176576388889,33.6784646825397,0.0867805555555556,1.30316805555556,3.95406736111111,0.983529960317461,0.985610416666667,0.987809623015873,44.133935515873,64.7700419642857,83.2391267857143,8.74170208333333,7
201542,94,24.9532055555556,29.1047831349206,34.1617044642857,0.191260416666667,2.11245208333333,6.55515416666667,0.983828174603175,0.986027976190476,0.988171825396825,43.8822454365079,64.832271031746,83.839395734127,9.20849890873016,7
201543,70,24.7060879960317,28.5372950396825,33.291241765873,0.561083333333333,4.83687916666667,14.8606208333333,0.983482341269841,0.985744742063492,0.9879625,47.5153920634921,68.3044968253968,86.582560515873,8.58515376984127,7
201544,106,24.4994406746032,28.0147958333333,32.5326168650794,0.783539583333333,6.21888194444444,20.1049333333333,0.982511507936508,0.984781944444445,0.987039583333333,50.2128817460317,70.8483359126984,87.5377552579365,8.03317619047619,7
201545,111,24.8896232142857,28.5941463293651,33.2704007936508,0.142372916666667,2.00105694444444,7.09157291666667,0.983094047619048,0.985378472222222,0.987694444444445,48.1106334325397,68.5977551587302,85.7993337301587,8.38077757936508,7
201546,85,24.7410875,28.5021919642857,33.1390415674603,0.373921527777778,3.73210416666667,11.1579506944444,0.981420535714286,0.983624206349206,0.985731944444444,46.7569002976191,67.6919805555555,86.0315060515873,8.39795406746032,7
201547,159,24.8484990079365,28.6841849206349,33.3980673611111,0.336964583333333,3.56778680555556,11.6204972222222,0.981724503968254,0.98391130952381,0.986107142857143,45.9235791666667,67.6981133928571,86.5886487103175,8.5495683531746,7
201548,189,25.2419606150794,28.9110679563492,33.554653968254,0.119860416666667,2.29376527777778,7.85311944444444,0.983467063492063,0.985390178571429,0.987718253968254,46.8961232142857,67.2998525793651,84.5995461309524,8.3126933531746,7
201549,240,24.9432314484127,28.3267376984127,32.6666113095238,0.392709722222222,3.48444097222222,11.5142958333333,0.984158630952381,0.986268452380952,0.988354464285714,50.2498876984127,70.0452971230159,86.6320898809524,7.72337986111111,7
201550,176,24.7218217261905,27.8274129960317,32.0890881944444,1.09591666666667,9.19970486111111,24.7221520833333,0.983349603174603,0.98536626984127,0.987312996031746,54.7312652777778,73.6868527777778,88.5278126984127,7.36726646825397,7
201551,106,24.3913596230159,27.2158337301587,30.9935873015873,1.38904166666667,13.1663722222222,35.5001354166667,0.983721726190476,0.985919345238095,0.987966170634921,58.1980778769841,76.5872764880952,90.6380101190476,6.60222767857143,7
201552,144,24.6281938492063,27.3298591269841,31.0716867063492,1.06634375,11.4851902777778,32.8877090277778,0.983895932539683,0.986170932539683,0.988137103174603,59.7855764880952,76.6846721230159,89.1206009920635,6.44349285714286,7
201601,218,24.6392004960317,27.0221685515873,30.334744047619,2.17086111111111,14.8529798611111,36.3837347222222,0.983813492063492,0.986147916666667,0.988038492063492,64.5431744047619,79.5510706349206,90.4748881944444,5.6955435515873,7
201602,340,24.45094375,26.8367816468254,30.1851863095238,3.04420833333333,19.4517229166667,51.1042180555556,0.983482638888889,0.985563293650794,0.987292658730159,66.1972624007937,81.7030796626984,92.7063589285714,5.73424255952381,7
201603,374,24.7119456349206,26.9807427579365,30.1368666666667,2.04542986111111,13.0297145833333,33.0317256944444,0.983558234126984,0.985457738095238,0.987019047619048,63.4356506944444,78.2772285714286,89.3222970238095,5.42492103174603,7
201604,439,23.7346630952381,25.6782509920635,28.5139032738095,8.50835277777778,57.2474868055556,154.52910625,0.984925198412699,0.986974603174603,0.988682936507937,73.1412871031746,85.8751346230159,94.1152974206349,4.77924017857143,7
201605,443,23.1050869047619,25.1841571428571,28.2233510912698,5.71918680555556,40.4103368055555,98.6583979166667,0.984566071428571,0.986600694444445,0.98835248015873,74.9448077380952,88.3290498015873,96.8157035714286,5.11826418650794,7
201606,467,24.001339781746,26.490623015873,29.9192836309524,1.91809652777778,16.2194701388889,48.1799361111111,0.984805357142857,0.987033432539683,0.989092857142857,68.1920468253968,83.3079123015873,93.7999652777778,5.91794384920635,7
201607,688,23.9297834325397,26.3814041666667,29.8781946428571,4.43014236111111,22.4359138888889,52.0177013888889,0.983080654761905,0.985451488095238,0.987421428571428,68.9424158730159,84.1880701388889,94.7040293650794,5.94841121031746,7
201608,567,24.1629662698413,26.4768055555556,29.7702046626984,3.61868958333333,29.0521909722222,78.9164798611111,0.982865277777778,0.985175694444444,0.987072123015873,70.9743550595238,85.1950166666667,94.8958176587302,5.60723839285714,7
201609,522,24.192050297619,26.4091607142857,29.6897958333333,3.75554097222222,30.44213125,81.929525,0.983538591269841,0.98582003968254,0.987654464285714,73.0917738095238,86.9942737103175,95.8299517857143,5.49774553571428,7
201610,464,23.6201285714286,25.3784453373016,28.1093759920635,7.83692847222222,62.20691875,159.664392361111,0.984481547619048,0.98673501984127,0.988565873015873,79.4830278769841,91.1413384920635,97.9571090277778,4.48924742063492,7
201611,417,23.798387202381,26.0121271825397,29.3091370039683,6.71430694444444,39.5851305555556,102.264338194444,0.984516369047619,0.98698125,0.988799503968254,73.9922504960317,88.1352356150794,96.9316513888889,5.5107498015873,7
201612,340,23.9572554563492,26.1327353174603,29.300891468254,6.28276319444445,34.2118472222222,84.9405013888889,0.984478968253968,0.986898511904762,0.988726091269841,74.1666009920635,87.7139701388889,96.6555113095238,5.34363601190476,7
201613,417,23.7086170634921,25.6504134920635,28.5339359126984,9.92238333333333,68.2731118055555,160.676720833333,0.984817757936508,0.987250595238095,0.989108035714286,78.0551490079365,90.1455114087302,97.5982155753968,4.82531884920635,7
201614,448,23.8511844246032,26.1619648809524,29.3184358134921,3.29404930555556,33.2429423611111,107.504713888889,0.983931746031746,0.986384424603175,0.988413888888889,74.6136872023809,87.9968201388889,96.7145714285714,5.46725138888889,7
201615,475,23.6687169642857,25.8216653769841,28.9599656746032,6.11138611111111,36.3893055555556,95.3545944444444,0.983630555555556,0.985799801587302,0.987591765873016,75.7001844246032,88.8092273809524,97.0496757936508,5.29124871031746,7
201616,349,24.0345240079365,26.4239455357143,29.7546762896825,2.866575,26.83045625,75.2310569444444,0.983448412698413,0.98575753968254,0.987614880952381,72.2642125992063,86.4596799603175,95.6984130952381,5.72015228174603,7
201617,284,24.0799498015873,26.4225576388889,29.5899841269841,2.98732291666667,23.1390333333333,62.8731090277778,0.982702281746032,0.984920833333333,0.986758630952381,72.9969284722222,86.8990383928572,96.243475,5.51003432539683,7
201618,309,23.3665520833333,25.8966466269841,29.2543596230159,3.78389375,26.1866722222222,71.2733277777778,0.984594543650794,0.987172619047619,0.988985218253968,72.8190764880952,87.4147265873016,97.1836059523809,5.88780753968254,7
201619,304,23.6623927579365,26.2304481150794,29.5547786706349,2.12014236111111,20.3405013888889,54.1909097222222,0.984821825396825,0.987061011904762,0.988824503968254,72.6255076388889,86.6972189484127,96.5424979166667,5.89238591269841,7
201620,181,23.9007295634921,26.7748459325397,30.2832622023809,0.824509722222222,7.25334722222222,21.7656847222222,0.98543621031746,0.987575992063492,0.989419246031746,68.280787202381,84.1506464285714,95.9255693452381,6.38253263888889,7
201621,132,23.7832395833333,26.6000919642857,30.0894738095238,1.70275416666667,10.3138256944444,27.4183708333333,0.986123015873016,0.988340575396825,0.990216964285714,67.6680827380952,83.3259280753968,94.8564036706349,6.30623422619048,7
201622,136,23.8438762896825,26.5180121031746,29.8811008928571,1.73214791666667,11.7195263888889,33.6835597222222,0.984011607142857,0.986248511904762,0.987955357142857,69.3085927579365,84.5283403769841,95.5859415674603,6.0372246031746,7
201623,104,23.4261320436508,26.1318954365079,29.5051981150794,0.675850694444444,7.65782222222222,22.8351465277778,0.986851984126984,0.98857132936508,0.990275892857143,68.9630842261905,84.5428125992063,95.9083063492064,6.07906607142857,7
201624,113,22.6489860119048,25.6911700396825,29.4451298611111,1.50366458333333,12.3012965277778,39.0262319444444,0.988314583333334,0.990319742063492,0.991968650793651,65.6940482142857,83.2029415674603,95.2154098214286,6.79614384920635,7
201625,104,22.830660515873,25.8065027777778,29.6503185515873,1.61948819444444,10.2729055555556,32.1187638888889,0.986311309523809,0.988420238095238,0.990071031746032,64.7368665674603,81.6371427579365,93.6574993055556,6.81965803571429,7
201626,116,22.9630492063492,26.474650297619,30.6852376984127,0.281285416666667,2.35912986111111,8.39951041666667,0.986973313492064,0.988651984126984,0.990200793650794,53.3948246031746,72.6718419642857,87.1532904761905,7.72218849206349,7
201627,96,23.4002822420635,26.6210488095238,30.7328755952381,0.708059722222222,6.35960625,21.4880034722222,0.987093452380952,0.989062599206349,0.990624404761905,57.3149791666667,74.6230685515873,87.834078968254,7.3325933531746,7
201628,107,23.2656121031746,26.8785836309524,31.2570927579365,0.392510416666667,4.39891388888889,16.4098875,0.985068253968254,0.987030257936508,0.988629067460318,55.5809563492063,75.0115212301587,90.4089464285714,7.99148065476191,7
201629,75,23.331912797619,26.8045130952381,31.1136173611111,0.818899305555556,6.94533472222222,21.3506194444444,0.98585873015873,0.987937896825397,0.989696726190476,56.5449797619048,74.9824188492063,89.7383685515873,7.78170456349206,7
201630,68,23.2707156746032,27.1280058531746,31.7726010912698,0.155379166666667,2.12992986111111,7.30026736111111,0.985238888888889,0.987085218253968,0.988700892857143,46.7832470238095,67.546385218254,84.0925620039683,8.50188541666667,7
201631,81,23.5566375,27.6039567460317,32.3730781746032,0.0725951388888889,1.62153194444444,6.96867916666667,0.985748313492063,0.987544841269841,0.989286408730159,44.109252281746,64.8921669642857,82.6312680555555,8.81644067460318,7
201632,79,23.8434305555556,27.9021326388889,32.8355861111111,0.223020138888889,1.86462013888889,6.31380763888889,0.985577281746032,0.98772748015873,0.989610119047619,46.5044398809524,67.0236761904762,84.9599585317461,8.99215555555556,7
201633,74,24.0945963293651,28.0390125992063,32.6555396825397,0.0991916666666667,1.30760902777778,5.15830555555556,0.984735615079365,0.986662996031746,0.988692658730159,46.8440856150794,67.3921965277778,85.388028968254,8.5609433531746,7
201634,67,24.0870345238095,27.8563388888889,32.5767860119048,0.702085416666667,6.73674513888889,22.0572527777778,0.98496001984127,0.987100297619047,0.988960515873016,49.1422777777778,69.4957036706349,86.6780153769841,8.48975148809524,7
201635,63,24.3581485119048,27.9560711309524,32.3327290674603,0.513797916666667,3.85068333333333,10.4374895833333,0.984563095238095,0.986755853174603,0.988752579365079,50.9668116071429,70.0792686507936,86.7518158730159,7.97458055555555,7
201636,59,24.1651946428571,27.6519416666667,32.2111482142857,1.59105,9.36346527777778,24.5528902777778,0.985364186507936,0.98744375,0.989354067460318,53.59499375,73.2589925595238,89.3795882936508,8.04595357142857,7
201637,80,24.4217233134921,27.876783531746,32.3074231150794,0.694876388888889,5.63449861111111,17.8199472222222,0.984330059523809,0.986643452380952,0.98856755952381,52.7483115079365,72.691233531746,88.615832936508,7.8856998015873,7
201638,51,24.1117027777778,27.8037124007936,32.344451984127,0.311597916666667,4.6459375,15.2844868055556,0.984758333333333,0.986962103174603,0.989123015873016,49.8196850198413,70.2189887896825,87.668902281746,8.2327492063492,7
201639,48,24.0494525793651,27.1546571428571,31.164160515873,2.38825138888889,18.0819006944444,43.6873340277778,0.983323908730159,0.985914682539683,0.988111111111111,57.7551916666667,76.1210475198413,90.8331137896826,7.11470793650794,7
201640,57,24.1780748015873,27.5137426587302,31.686781547619,0.942061805555555,9.13113680555556,30.2390638888889,0.982143452380952,0.984345535714286,0.986529464285714,56.9125166666667,76.0178902777778,91.2647942460318,7.50870674603174,7
201641,88,24.4053350198413,28.1586293650794,32.7352929563492,0.388164583333333,3.57658888888889,11.62228125,0.983175992063492,0.985278075396826,0.987510317460317,48.3166091269841,69.903796031746,87.5430859126984,8.32995793650794,7
201642,52,24.6543313492064,28.3576747023809,33.0207216269841,0.157727777777778,3.27930694444444,10.8578888888889,0.982487103174603,0.984719047619048,0.986890674603175,49.692745734127,70.1444326388889,87.4807327380952,8.36639027777778,7
201643,58,24.3194535714286,27.2783514880952,31.2965219246032,1.35110069444444,13.9717979166667,39.9251951388889,0.982169543650794,0.984528273809524,0.986830654761905,58.6583492063492,77.3816405753968,91.2541083333333,6.9770683531746,7
201644,59,24.3590342261905,27.7967021825397,32.0449929563492,0.652281944444444,5.82802013888889,18.6444631944444,0.983176488095238,0.985240773809524,0.987333531746032,54.2130468253968,73.723860515873,90.0825979166667,7.68595873015873,7
201645,53,24.6600898809524,27.6558244047619,31.6938300595238,0.993250694444444,12.0758048611111,32.3165583333333,0.982161408730159,0.984631547619048,0.986824007936508,56.9794666666667,75.6502947420635,90.0441205357143,7.03374017857143,7
201646,84,24.5258929563492,27.625404265873,31.803399702381,1.29652361111111,11.0404340277778,31.7987131944444,0.980082837301587,0.982531646825397,0.984821924603175,57.1544840277778,76.4236766865079,91.2668612103175,7.27750674603175,7
201647,56,24.5788949404762,27.7518217261905,31.9519346230159,1.81320486111111,11.9529604166667,30.5778590277778,0.981496924603175,0.983670138888889,0.985820932539683,57.3564938492063,76.2373679563492,90.6699669642857,7.37303968253968,7
201648,59,24.5584904761905,28.1045129960317,32.49921875,0.2578625,3.69886736111111,12.2388916666667,0.982753571428571,0.984754265873016,0.986999007936508,51.817548015873,72.2965395833333,89.3160856150794,7.94072827380952,7
201649,91,24.5449714285714,27.6974889880952,31.9483846230159,0.678154861111111,9.23080069444445,27.6920354166667,0.982565674603175,0.984898908730159,0.987042956349206,55.2092831349206,75.2436271825397,90.8099992063492,7.40341319444444,7
201650,115,23.9921447420635,26.5234415674603,29.9948614087302,4.82875069444444,30.0310993055556,73.7486611111111,0.982604365079365,0.984982936507937,0.986877083333333,64.3378044642857,81.7396874007937,94.2593551587302,6.00271666666667,7
201651,123,23.2703890873016,25.4299224206349,28.6133867063492,9.07311875,52.1174145833333,133.654415277778,0.981990575396825,0.984255257936508,0.985992559523809,73.2099959325397,87.4755399801587,96.3359140873016,5.34299761904762,7
201652,80,23.7269803571429,26.0324739087302,29.3930193452381,3.17720277777778,24.5133527777778,70.7108541666667,0.982542857142857,0.984638293650794,0.986535218253968,71.5473733134921,86.1158443452381,95.7021327380952,5.66603898809524,7
201701,180,23.2946,25.5083787698413,28.8622188492063,4.75603125,31.8016069444444,85.2761305555555,0.983481547619048,0.985651884920635,0.98749623015873,73.5345191468254,87.7399411706349,96.5523926587302,5.56761884920635,7
201702,231,22.9336404761905,25.0734873015873,28.1335604166667,6.38981111111111,42.1461659722222,108.030738888889,0.983117658730159,0.985324801587302,0.987227579365079,75.5375128968254,88.5997499007937,96.9534921626984,5.19991994047619,7
201703,369,22.9056211309524,25.1352177579365,28.3338491071429,5.81247777777778,42.845325,123.3388625,0.982982738095238,0.985177876984127,0.986990674603175,73.8898775793651,88.0833612103175,97.0779311507937,5.42822797619048,7
201704,788,22.9408721230159,25.2637374007937,28.538033234127,7.41392847222222,44.4115625,113.246120833333,0.984535416666666,0.986977678571428,0.988926984126984,74.3164930555556,88.0604225198413,97.1845035714286,5.59716111111111,7
201705,901,23.0779581349206,25.1721574404762,28.2856432539683,7.93518125,44.73309375,109.160980555556,0.983726884920635,0.986147718253969,0.987991666666666,75.653505952381,89.2994746031746,97.5169249007936,5.20768511904762,7
201706,455,23.4275580357143,25.2633987103175,27.9336098214286,14.6620520833333,61.3018368055555,128.58585625,0.983132738095238,0.985241666666667,0.987098313492063,77.2154296626984,89.1883496031746,96.5655450396825,4.50605178571429,7
201707,494,22.8540014880952,24.6547308531746,27.3010379960317,17.2895243055556,81.1840770833333,198.904241666667,0.984302380952381,0.986293452380952,0.987976984126984,78.6745711309524,90.5784008928572,97.4146310515873,4.44703650793651,7
201708,349,22.8735096230159,25.1107023809524,28.4615515873016,6.84736736111111,43.7884993055556,109.99051875,0.983479563492063,0.986094543650794,0.988119940476191,73.9918625992063,88.4944683531746,97.3224162698413,5.58804196428571,7
201709,400,22.7939004960317,24.9780850198413,28.1255343253968,6.26464861111111,46.2051201388889,119.110013194444,0.983059424603175,0.985514781746032,0.98754246031746,75.8062904761905,89.0962621031746,97.3824453373016,5.33163382936508,7
201710,414,23.1685823412698,25.2474552579365,28.3715973214286,8.63938819444444,52.6797291666666,124.305210416667,0.982592658730159,0.984975496031746,0.986917658730159,76.3507141865079,89.6060746031746,97.4676443452381,5.20301498015873,7
201711,398,22.8087275793651,24.63823125,27.318028968254,14.99913125,81.5973291666667,193.817288194444,0.983674801587302,0.986004166666667,0.987838888888889,79.7906549603175,91.3098255952381,98.1948072420635,4.50930138888889,7
201712,295,23.0241280753968,25.25931875,28.5909517857143,4.64263194444444,39.1429229166667,105.817228472222,0.984525595238095,0.986899007936508,0.988818452380952,75.0558763888889,88.8003256944444,97.3159125992063,5.56682371031746,7
201713,192,23.177996031746,25.4385464285714,28.6238578373016,5.25712916666667,36.3297513888889,96.2783201388889,0.983874206349206,0.986283035714286,0.988254166666667,75.047073313492,88.5134700396825,97.3606203373016,5.44586180555556,7
201714,178,23.0110445436508,25.0750048611111,28.0384399801587,7.76825763888889,50.2696611111111,136.4249875,0.983732043650794,0.986182242063492,0.988001686507936,77.4386902777778,90.2510718253968,97.8753575396825,5.02739543650794,7
201715,128,23.2694861111111,25.5437385912698,28.8264838293651,4.78956666666667,34.4434909722222,86.7021979166667,0.983215674603175,0.985539384920635,0.987426190476191,75.0930746031746,88.8591693452381,97.3970078373016,5.55699771825397,7
201716,95,23.2713786706349,25.4786067460317,28.6569259920635,5.67428819444445,41.9804916666667,102.353813888889,0.983735615079365,0.986017361111111,0.987980059523809,76.0188498015873,89.6176327380952,97.8505156746032,5.38554732142857,7
201717,77,23.3776820436508,25.856922718254,29.2875466269841,3.84007222222222,28.3477118055556,77.8236270833333,0.983950793650794,0.986341071428571,0.988330158730159,73.1951177579365,87.7455864087302,97.2989113095238,5.90986458333333,7
201718,132,23.2171364087302,25.5225030753968,28.8357126984127,5.37987291666667,35.0305152777778,96.1702284722222,0.984095535714286,0.986422718253968,0.988224404761905,74.8535327380952,88.7771120039683,97.3637117063492,5.61857628968254,7
201719,116,23.4633481150794,25.8912778769841,29.1801331349206,3.67672638888889,26.9501777777778,73.5061513888889,0.983629067460317,0.985722222222222,0.987423115079365,74.2440379960318,88.2214028769841,97.4412616071428,5.71678501984127,7
201720,104,23.826264484127,26.6238046626984,30.1427791666667,0.525099305555556,7.75286597222222,23.7187743055556,0.98401121031746,0.986042956349207,0.987911607142857,68.2586794642857,84.3845736111111,95.7319923611111,6.31651468253968,7
201721,62,23.7481090277778,26.6170174603175,30.0584825396825,0.464646527777778,6.35384930555556,19.7059472222222,0.985266964285714,0.987154563492064,0.989093055555555,66.6410114087302,83.0411325396826,95.1530326388889,6.31037351190476,7
201722,53,23.4880037698413,26.0736786706349,29.5676714285714,2.13246180555556,17.2672548611111,51.2494881944444,0.986080456349206,0.988150992063492,0.989758234126984,70.0935303571428,85.5855722222222,95.9014626984127,6.07966765873016,7
201723,58,23.493575,26.7632233134921,30.6288224206349,0.596557638888889,5.66951180555556,17.9571458333333,0.984500198412698,0.986347023809524,0.987989781746032,60.2330191468254,79.3172553571429,93.0387218253968,7.13524742063492,7
201724,45,23.2579281746032,26.3281669642857,30.0831670634921,0.720338888888889,6.81656319444444,22.1160416666667,0.98558125,0.987492757936508,0.989090079365079,63.3561598214286,79.8716583333333,92.2480441468254,6.82523888888889,7
201725,59,23.2926304563492,26.4796076388889,30.5495966269841,1.46598611111111,8.67852013888889,29.4129569444444,0.98466121031746,0.986645337301587,0.988206746031746,59.3138427579365,77.3813528769841,90.41295625,7.25696617063492,7
201726,59,23.398189781746,26.2286517857143,29.8847803571429,1.46020486111111,10.1666208333333,34.4713381944444,0.985981746031746,0.987727579365079,0.989212003968254,60.9485101190476,76.8322116071429,88.1702196428571,6.48659057539682,7
201727,55,22.8786892857143,25.9619432539683,29.7757731150794,1.60826111111111,13.4062277777778,44.53403125,0.987426686507936,0.989434821428571,0.991085317460318,58.9737628968254,75.3985040674603,87.663723015873,6.89708382936508,7
201728,43,23.1824532738095,26.6854916666667,30.8372126984127,0.3082875,4.98041736111111,20.1204152777778,0.986617261904762,0.988481547619048,0.99006498015873,51.6043067460317,70.8976185515873,85.6352199404762,7.65475942460318,7
201729,43,23.0741587301587,27.1024038690476,31.6705689484127,0.146238888888889,2.17962291666667,9.31349652777778,0.986627281746032,0.98852123015873,0.990140376984127,46.8642775793651,67.1562232142857,84.5485449404762,8.59641021825397,7
201730,44,23.5017014880952,27.342897718254,31.8449258928571,0.285497916666667,1.90204513888889,6.49083263888889,0.986518650793651,0.988459722222222,0.990184920634921,45.9868668650794,65.5052766865079,81.8295067460318,8.34322440476191,7
201731,48,23.8147290674603,27.7588515873016,32.488221031746,0.1519625,1.71355,6.6656375,0.986320833333334,0.988411607142857,0.990215376984127,45.9882610119048,65.9884506944445,82.8668317460317,8.67349196428571,7
201732,54,24.0039543650794,27.7989370039683,32.3241544642857,0.160665972222222,2.08661180555556,6.93973333333333,0.985282242063492,0.987290178571428,0.989073214285714,50.4076063492063,69.5200943452381,86.4602400793651,8.32020009920635,7
201733,53,24.235541765873,28.4103818452381,33.2951595238095,0.01445625,0.723281944444444,3.09830972222222,0.983719146825397,0.985793948412698,0.987742162698413,45.1899071428572,66.1471283730159,85.3154813492064,9.05961775793651,7
201734,57,24.1501036706349,28.1191248015873,32.869487797619,0.226082638888889,2.5400875,8.27953819444445,0.984549305555556,0.986563988095238,0.988401091269841,46.8319784722222,67.1560081349206,85.3873215277778,8.71938412698413,7
201735,29,24.2596783730159,28.4378850198413,33.4719514880952,0.104570138888889,1.32711111111111,5.48898541666667,0.98532380952381,0.987023115079365,0.988823412698413,45.1995185515873,65.6458146825397,84.31813125,9.21227311507937,7
201736,33,24.4301344246032,28.5093625992064,33.4085770833333,0.0880201388888889,1.49821666666667,6.00898333333333,0.984433531746032,0.986604861111111,0.988534920634921,42.7921113095238,62.9472888888889,81.204228968254,8.97844265873016,7
201737,35,24.8260116071429,28.875912202381,33.8021876984127,0.563436805555556,3.11216388888889,11.4573472222222,0.98445873015873,0.986377083333333,0.988376984126984,43.2021340277778,63.2173541666667,81.2539315476191,8.97617609126984,7
201738,34,24.8226555555556,28.6044063492064,33.2723588293651,0.3450125,3.88122083333333,13.9994888888889,0.98431498015873,0.986423214285714,0.988552083333333,45.8174755952381,64.9428661706349,81.4075259920635,8.44970327380952,7
201739,50,24.7344467261905,28.4122733134921,33.0449959325397,0.225468055555556,4.16729305555556,13.0439979166667,0.983017857142857,0.985225,0.987392956349206,48.927150297619,68.4052509920635,85.1910277777778,8.31054920634921,7
201740,36,24.6805676587302,28.5993575396825,33.386426984127,0.161808333333333,1.99776111111111,6.75330486111111,0.982527976190476,0.984600198412698,0.986881448412698,45.7296550595238,65.684627281746,83.3872646825397,8.70585932539683,7
201741,51,24.6540371031746,28.0200203373016,32.4159541666667,0.828711805555555,7.54167916666667,22.3716194444444,0.982490476190476,0.984706845238095,0.986698115079365,53.3069263888889,72.3003321428571,87.967237797619,7.76191706349206,7
201742,48,24.787158531746,28.1649407738095,32.5937665674603,0.560383333333333,4.61451319444445,15.2931423611111,0.983887202380952,0.986056746031746,0.988256646825397,51.3611037698413,70.5020490079365,86.1812223214285,7.80660803571429,7
201743,44,25.0778746031746,28.5396080357143,32.9072420634921,0.388725694444444,3.44291458333333,9.58916597222222,0.982365079365079,0.984629662698413,0.986795932539683,50.9134891865079,69.3464079365079,85.4622472222222,7.82936746031746,7
201744,40,24.4897278769841,27.7848583333333,32.0744197420635,0.866279861111111,10.5614465277778,32.5257722222222,0.982115674603175,0.984343452380953,0.986676884920635,53.8999461309524,73.7187356150794,89.8940455357143,7.58469186507937,7
201745,54,24.6079904761905,28.017294047619,32.2656494047619,0.508572916666667,6.72570972222222,19.3745354166667,0.981252380952381,0.983510119047619,0.98558501984127,52.007221031746,71.6218479166667,88.0675392857143,7.65765892857143,7
201746,43,24.2845436507936,27.7646487103175,32.2955363095238,1.21819375,8.4383875,25.9304118055556,0.981246428571429,0.983625595238095,0.985635218253968,51.1679642857143,72.0099783730159,89.1303087301587,8.01099265873016,7
201747,37,24.3803563492063,27.7564216269841,32.2186760912698,1.08370763888889,7.83298541666667,22.9325048611111,0.982247619047619,0.984320535714286,0.986181051587302,51.8209913690476,72.1112764880952,88.244279265873,7.83831974206349,7
201748,47,24.5906649801587,27.99815625,32.3483807539683,1.20777291666667,6.73764930555555,17.3260180555556,0.982090277777778,0.984415476190476,0.986419642857143,51.7417080357143,72.1285645833333,88.7676068452381,7.75771577380952,7
201749,39,24.827710515873,28.2919025793651,32.7237968253968,0.417821527777778,4.94865833333333,13.8919270833333,0.981737996031746,0.983986011904762,0.986367162698413,50.6586024801587,70.462372718254,87.2525262896825,7.89608630952381,7
201750,63,24.2645475198413,26.6231248015873,29.7816383928571,6.02030486111111,34.3307659722222,77.1978986111111,0.982944345238095,0.985052579365079,0.986847619047619,66.673851984127,81.7532854166667,93.2757094246032,5.51709087301587,7
201751,28,23.3882611111111,25.7137763888889,28.9539489087302,4.72302152777778,29.5914361111111,82.2260368055556,0.983436507936508,0.985612797619047,0.987510714285714,69.2618624007936,84.4643156746032,94.8790801587302,5.56568779761905,7
201752,37,23.3636908730159,25.7419063492063,29.0681956349206,3.73698125,27.0550895833333,67.7915069444444,0.982826388888889,0.984857043650794,0.986618452380952,71.0248695436508,86.3363459325397,96.3089121031746,5.70450476190476,7
201801,49,23.7012041666667,26.121993452381,29.3677322420635,1.6611375,14.5651555555556,36.9117715277778,0.984147023809524,0.986196329365079,0.98801626984127,68.3519896825397,83.3768625992063,94.3161548611111,5.66652807539683,7
201802,52,22.6160435515873,25.0305992063492,28.4392728174603,4.91370555555556,30.4538305555556,73.5121097222222,0.984267063492063,0.986664682539683,0.98845744047619,70.8895135912698,86.3809372023809,96.4373384920635,5.82322926587301,7
201803,68,23.0467271825397,25.6382168650794,29.235045734127,3.44511319444444,20.7815756944444,57.4345458333333,0.983833531746032,0.986048313492063,0.98788869047619,69.2425975198413,84.9437890873016,95.7114076388889,6.1883185515873,7
201804,55,22.9128391865079,25.19229375,28.4938760912698,7.60286944444444,36.6977638888889,84.0332784722222,0.982283630952381,0.984691765873016,0.986591071428571,73.3731742063492,87.778655952381,96.7660983134921,5.58103690476191,7
201805,67,23.3498339285714,25.4612838293651,28.5619064484127,9.01975555555556,48.8674645833333,117.065711805556,0.981109821428572,0.98350496031746,0.985365476190476,74.8035256944444,88.3579118055556,96.9103757936508,5.21207251984127,7
201806,102,23.2150780753968,25.0744444444444,27.7929371031746,18.1024368055556,84.9042673611111,221.593060416667,0.983267063492063,0.985154662698413,0.986818452380952,75.9301074404762,88.358879265873,95.9820634920635,4.57785902777778,7
201807,114,22.7190671626984,25.0638170634921,28.2573984126984,8.38229861111111,47.2022409722222,104.153529861111,0.984260119047619,0.986613392857143,0.988677182539683,73.7512034722222,87.6681623015873,96.7983744047619,5.53833125,7
201808,136,22.6689003968254,24.5684373015873,27.3822120039683,8.58201319444445,58.0391333333333,142.035647916667,0.983506448412698,0.985799900793651,0.987530456349206,78.5177378968254,90.5616026785714,97.8495078373016,4.71331160714286,7
201809,153,22.7443241071429,25.1843880952381,28.6011222222222,4.21269236111111,34.4063604166667,91.4952701388889,0.984249900793651,0.98659503968254,0.988688095238095,73.0845630952381,87.7155971230159,97.2236308531746,5.85679811507937,7
201810,201,23.3706234126984,25.7412276785714,29.0433246031746,2.84538680555556,24.2306166666667,68.1115180555556,0.983522817460318,0.985539682539682,0.987265476190476,71.581069047619,85.9785538690476,95.6025046626984,5.67270119047619,7
201811,211,23.3813091269841,25.5384521825397,28.6443258928571,5.35654166666667,31.3221895833333,75.5796659722222,0.983918154761905,0.986239781746032,0.98806498015873,73.7001350198413,87.3962944444445,96.2572245039683,5.26301676587302,7
201812,147,23.3238201388889,25.6601020833333,28.9198971230159,4.29123263888889,29.7101548611111,77.635275,0.982929861111111,0.98513501984127,0.986883234126984,72.7053390873016,86.9055671626984,96.2185927579365,5.59607698412698,7
201813,113,22.8473616071429,24.8576820436508,27.7081583333333,8.22587361111111,54.2292548611111,132.773318055556,0.983306051587302,0.98560376984127,0.987481150793651,78.8987504960317,90.6383597222222,97.9586508928572,4.86079672619048,7
201814,204,22.8378275793651,24.7630597222222,27.575020734127,11.3457861111111,67.3678131944445,153.896024305556,0.982632341269841,0.984851190476191,0.986765873015873,80.0926665674603,91.5408469246032,98.2591285714286,4.73719315476191,7
201815,161,22.4366254960317,24.487312202381,27.4087069444444,10.5192361111111,57.6379840277778,164.093636111111,0.984854861111111,0.987034821428571,0.988863988095238,77.5258590277778,90.3567946428571,98.1549235119048,4.9720814484127,7
201816,129,22.9598580357143,25.3467646825397,28.6669489087302,4.84852638888889,31.9138381944445,82.8536229166667,0.985517162698412,0.987994444444444,0.989870833333333,72.8661751984127,87.7399985119047,96.9667703373016,5.70709087301587,7
201817,98,23.1806841269841,25.6354109126984,28.9563066468254,4.15922361111111,27.3753930555556,74.2131416666667,0.984529464285714,0.986696726190476,0.988474206349206,73.1408409722222,87.7656418650794,96.9875867063492,5.77562251984127,7
201818,134,22.9031098214286,25.074755952381,28.0279722222222,6.58323194444444,38.2909472222222,96.6570798611111,0.985475,0.98758630952381,0.98940128968254,77.282758531746,89.6355679563492,97.6573656746032,5.12486240079365,7
201819,122,23.0475845238095,25.5118829365079,28.9068754960317,5.50080416666667,33.8077756944444,83.0305986111111,0.985155654761905,0.987354861111111,0.988983035714286,72.0487463293651,86.9696495039683,96.6305866071428,5.85929097222222,7
201820,121,23.0419148809524,25.4834191468254,28.8165410714286,3.84324930555556,22.8839215277778,66.2044333333333,0.984098115079365,0.986359226190476,0.988212896825397,72.6917993055555,87.3925474206349,96.960980952381,5.77462619047619,7
201821,74,22.9152844246032,25.4391259920635,28.8220824404762,3.42080416666667,24.8263763888889,67.2173305555555,0.985203968253968,0.987327876984127,0.989062003968254,72.7398499007937,87.3655474206349,96.8192078373016,5.90679801587302,7
201822,51,22.9929646825397,25.7592868055556,29.1600435515873,3.96718333333333,19.9492659722222,51.9976027777778,0.985213888888889,0.987089781746032,0.988775793650794,67.2533064484127,82.8505524801587,93.7869629960317,6.16707886904762,7
201823,66,23.4726608134921,26.2678202380952,29.8647461309524,1.76310763888889,14.3326625,45.6367486111111,0.985539087301587,0.987721626984127,0.98944246031746,67.4903206349206,83.0128493055556,94.2657631944444,6.39208531746032,7
201824,66,23.0056492063492,26.4941694444444,30.5010157738095,0.433369444444444,3.22842291666667,10.7433111111111,0.986390575396825,0.988133234126984,0.98989126984127,57.5136197420635,76.9507639880952,91.698955952381,7.49536656746032,7
201825,38,22.7009293650794,25.7217610119048,29.460089781746,1.62279444444444,10.9341923611111,31.9743680555556,0.987572916666667,0.989562103174603,0.991125793650794,63.3525675595238,79.2258334325397,91.1430201388889,6.75916041666667,7
201826,32,22.7030922619048,26.2218517857143,30.4287728174603,1.19450625,6.29392291666667,22.7228173611111,0.985061805555556,0.986985317460317,0.988650198412699,55.6626163690476,74.4857354166667,88.3762800595238,7.72568055555556,7
201827,21,22.9237928571429,26.305341765873,30.5114816468254,1.43609444444444,9.30638958333333,30.12076875,0.984818650793651,0.986684623015873,0.988279662698412,57.2948329365079,75.1382073412698,88.7826328373016,7.58768878968254,7
201828,34,23.1404350198413,26.3583811507936,30.2923078373016,0.749454861111111,8.67028263888889,30.2309354166667,0.986516369047619,0.988516170634921,0.990197619047619,60.1282347222222,76.7253831349206,90.2378663690476,7.15187281746032,7
201829,24,22.9683958333333,26.7154136904762,31.1257628968254,0.404392361111111,3.39306805555555,13.6054,0.98596378968254,0.987882043650794,0.989518849206349,52.8914409722222,72.23065,88.0056079365079,8.15736706349207,7
201830,35,23.622989781746,26.999852281746,31.1586406746032,0.8143375,6.94476805555556,23.3586479166667,0.986276686507936,0.988251984126984,0.990007738095238,56.1389387896825,72.2740293650794,86.1510153769841,7.53565089285714,7
201831,40,23.3908048611111,26.7832518849206,30.9303816468254,0.609104861111111,5.77276736111111,19.4001993055556,0.985025793650794,0.98708373015873,0.98887003968254,57.5155356150794,74.3338422619048,88.8916564484127,7.53957678571429,7
201832,58,23.4934764880952,27.1283475198413,31.6535474206349,0.0705506944444444,2.21688958333333,9.41012222222222,0.986444345238095,0.988345138888889,0.990204166666667,54.2170648809524,72.7626222222222,88.3688418650794,8.16007093253968,7
201833,55,23.4309604166667,26.9460156746032,31.1018548611111,0.817340972222222,5.60225555555556,15.7797715277778,0.986475297619048,0.988592658730159,0.990496726190476,55.2166365079365,73.8113157738095,89.7526509920635,7.67089444444444,7
201834,64,23.2520826388889,27.1636197420635,31.6899678571429,0.0965638888888889,1.86535555555556,7.51824513888889,0.986457936507937,0.988380456349206,0.990246527777778,50.3508783730159,70.7360786706349,88.9675291666667,8.43788521825397,7
201835,42,23.6487055555556,27.5249999007937,32.1269696428571,0.313,3.36817638888889,10.3048854166667,0.984758531746032,0.986982341269841,0.988850396825397,50.2235242063492,70.1988294642857,88.1677550595238,8.47826408730159,7
201836,27,24.0160424603175,27.7162337301587,32.2190785714286,0.992954166666667,6.96959583333333,17.6451708333333,0.983854662698413,0.986119047619048,0.98807251984127,51.9672567460318,71.0069060515873,87.66718125,8.20303611111111,7
201837,30,23.8933050595238,27.2732790674603,31.640816468254,0.951665972222222,7.86306875,23.8483006944444,0.983422123015873,0.985598908730159,0.987479761904762,54.4387133928571,74.1368995039683,89.569895734127,7.74751140873016,7
201838,29,24.1688995039683,28.0181422619048,32.5999954365079,0.0820201388888889,1.70687430555556,6.39575208333333,0.983253869047619,0.985340972222222,0.987589682539682,49.4856999007936,69.8952177579365,87.537969047619,8.43109593253968,7
201839,19,24.4854137896825,28.2412114087302,32.8405726190476,0.0949270833333333,1.80959444444444,5.92308125,0.982904464285714,0.984993055555555,0.9871125,49.070966468254,69.4189369047619,87.0794815476191,8.35515882936508,7
201840,32,24.5398938492063,28.4284714285714,33.1131371031746,0.0643715277777778,1.87799652777778,6.3854875,0.983320833333333,0.985386904761905,0.987649007936508,48.0383691468254,68.2071078373016,86.6003200396826,8.57324325396825,7
201841,19,24.5763083333333,28.2930354166667,32.9467420634921,0.294876388888889,3.335125,11.4838388888889,0.983414384920635,0.985570634920635,0.987982242063492,48.8390218253968,69.5086770833333,87.0012561507937,8.37043373015873,7
201842,28,24.3598580357143,27.769751984127,32.1228889880952,1.92202569444444,13.4150340277778,40.09864375,0.982091468253968,0.984572817460318,0.986796825396825,55.000498015873,74.5073608134921,90.1388232142857,7.76303095238095,7
201843,11,24.6383173611111,28.391366468254,32.9304889880952,0.226535416666667,2.91252013888889,10.3504375,0.982328472222222,0.984418849206349,0.986862202380952,49.8302111111111,70.691072718254,88.4563919642857,8.29217162698413,7
201844,23,24.9763402777778,28.6547375992063,33.200800297619,0.401027777777778,3.59239027777778,9.69503541666667,0.982549702380953,0.984828273809524,0.987117757936508,49.4615625,69.5410883928571,86.981446031746,8.22446001984127,7
201845,30,24.6217116071429,27.7461673611111,31.8776220238095,0.974841666666667,12.9879381944444,33.6098013888889,0.981604166666667,0.984146626984127,0.986530853174603,55.7632689484127,74.7632743055556,89.9901590277778,7.25591041666667,7
201846,37,24.8394927579365,28.2782384920635,32.6154775793651,0.844042361111111,7.43798472222222,21.7928375,0.981947222222222,0.984184126984127,0.986358035714285,51.9657223214286,71.9747078373016,88.4839927579365,7.77598482142857,7
201847,55,24.7225174603175,27.9089251984127,32.0619689484127,2.44963055555556,14.4970111111111,33.9802958333333,0.982403373015873,0.984828670634921,0.986841865079365,56.0639446428571,74.5603277777778,89.9798983134921,7.33945148809524,7
201848,62,23.8782088293651,25.9352866071429,29.037796031746,8.95795,48.4211597222222,117.441718055556,0.982232638888889,0.984511507936508,0.986278075396825,72.1415362103175,86.6852387896825,95.6725205357143,5.15958720238095,7
201849,49,23.0494401785714,24.8980357142857,27.5104149801587,9.28280972222222,51.3146506944444,118.914921527778,0.983915773809524,0.985857738095238,0.987637301587302,78.2929803571429,90.3024920634921,97.7208708333333,4.4609748015873,7
201850,75,22.8264444444444,25.0143981150794,28.1806593253968,7.02797986111111,38.0607784722222,90.0914361111111,0.986234027777778,0.988377182539682,0.990111507936508,74.8316701388889,88.7860990079365,97.3896159722222,5.35421488095238,7
201851,33,23.1194995039682,25.5990600198413,29.1230378968254,4.16221458333333,26.4188951388889,74.5685284722222,0.984719444444444,0.986991369047619,0.98879126984127,70.6545858134921,86.383162202381,96.4150705357143,6.00353839285714,7
201852,33,23.17121875,25.7384048611111,29.1865821428571,3.23288819444444,22.4551055555556,61.3801152777778,0.983487698412699,0.985753075396826,0.987437003968254,68.705927281746,84.4999446428571,95.5567596230159,6.01536339285714,7
201901,73,23.4377254960317,25.8590845238095,29.1572569444444,3.52082638888889,19.9088520833333,51.2521986111111,0.984370734126984,0.986485813492064,0.988401587301587,70.9871211309524,85.292433234127,95.2862168650794,5.7195314484127,7
201902,108,22.7195599206349,24.7510476190476,27.6887608134921,8.02962013888889,43.4591506944444,106.419736111111,0.984685813492063,0.986812003968254,0.988660218253968,76.4660816468254,89.3485948412698,97.3609445436508,4.96920089285714,7
201903,141,22.841327281746,25.1789616071429,28.5102536706349,6.56627777777778,35.9782319444444,89.7228020833333,0.985035813492063,0.987392261904762,0.989188095238095,74.5991589285714,88.1614988095238,97.127612202381,5.66892638888889,7
201904,164,23.1621301587302,25.2747795634921,28.2100738095238,4.58894097222222,33.2073055555556,83.0949381944444,0.985318154761905,0.987505654761905,0.989227678571429,76.0956096230159,88.6166404761905,96.7931212301587,5.04794365079365,7
201905,175,23.4785796626984,25.9643314484127,29.5669596230159,4.6502625,23.6139055555556,63.1244326388889,0.984269742063492,0.986522222222222,0.988288095238095,70.2387025793651,85.657233234127,95.8701828373016,6.08837996031746,7
201906,208,23.2840282738095,25.2618375,28.1794482142857,14.2616756944444,84.6674777777778,213.116349305556,0.98315873015873,0.98557123015873,0.987454265873016,76.7794732142857,89.3791428571429,97.2469059523809,4.89541994047619,7
201907,238,23.6236608134921,25.8698500992063,29.0391020833333,3.72421041666667,30.7851430555556,86.7825194444445,0.984210813492063,0.986326686507936,0.988193948412698,72.8288827380952,86.7118018849206,95.8984569444444,5.41544126984127,7
201908,188,23.3410171626984,25.0734254960317,27.5353503968254,7.94694444444445,54.7277361111111,146.079847222222,0.98478005952381,0.987079464285714,0.989123214285714,79.0192,89.8515066468254,96.8679385912698,4.19433323412698,7
201909,141,22.806127281746,24.7205567460317,27.5431421626984,9.89517291666667,50.5924881944444,116.195780555556,0.985460119047619,0.987449900793651,0.98921369047619,76.6305863095238,89.2815598214286,97.03290625,4.73701488095238,7
201910,173,22.9061186507937,24.8273505952381,27.5392723214286,5.54594583333333,49.0379527777778,122.909577083333,0.985438392857143,0.98768253968254,0.98949871031746,77.306662797619,89.0226800595238,96.4905286706349,4.63315367063492,7
201911,211,23.0278838293651,25.2638517857143,28.34551875,5.22550138888889,43.6362416666667,109.725769444444,0.984024900793651,0.98633125,0.988298015873016,75.2062160714286,88.5067825396825,97.2574944444444,5.31763492063492,7
201912,193,23.3708782738095,25.5419678571429,28.554605952381,3.36909861111111,30.0026451388889,83.20666875,0.984111408730159,0.986393452380952,0.98833878968254,74.5078059523809,87.4828081349206,96.289802281746,5.18372767857143,7
201913,177,23.252051984127,25.1793238095238,28.0624984126984,8.70000555555556,56.4098,140.028704166667,0.984596924603174,0.986887996031746,0.988725595238095,77.2621946428571,89.6503419642857,97.0062598214286,4.81044642857143,7
201914,166,23.2982199404762,25.3032152777778,28.1491072420635,7.34052222222222,53.5449534722222,149.365671527778,0.984583928571428,0.986667361111111,0.988465476190476,76.4965246031746,89.1264134920635,97.0195409722222,4.8508873015873,7
201915,169,23.1070031746032,25.1899688492063,28.108477281746,7.11549027777778,54.5812895833333,136.198920138889,0.984538988095238,0.986865972222222,0.988671031746032,77.5615641865079,90.0338826388889,97.8450209325397,5.00147410714286,7
201916,173,23.2468836309524,25.3955898809524,28.3682465277778,4.58551527777778,47.5627027777778,126.794646527778,0.983944047619048,0.986357142857143,0.988313988095238,77.1518691468254,89.5469090277778,97.5816729166667,5.1213628968254,7
201917,146,23.3829441468254,25.6458971230159,28.784100297619,4.476125,34.1687118055556,80.6785944444444,0.984309623015873,0.986545634920635,0.988328174603175,75.5098140873016,88.8907655753968,97.3663688492063,5.40115615079365,7
201918,223,23.3837655753968,25.5989544642857,28.5686322420635,3.59506180555555,41.4691152777778,113.006142361111,0.984122817460317,0.986500297619048,0.988495436507936,76.7726990079365,89.1519849206349,97.4047968253968,5.18486666666667,7
201919,134,23.710091765873,26.3393443452381,29.7448322420635,2.64030138888889,25.6473180555556,67.3236201388889,0.983601488095238,0.985711507936508,0.987533829365079,69.773450297619,85.1883338293651,95.5333413690476,6.03474047619048,7
201920,160,23.2066767857143,25.313395734127,28.1300673611111,7.00734097222222,41.596975,114.280868055556,0.984773908730159,0.987011507936508,0.988860119047619,77.989408531746,89.9692333333333,97.7597991071429,4.92339057539682,7
201921,135,23.282566468254,25.7994046626984,29.0721357142857,2.39778888888889,19.5151333333333,54.1386270833333,0.984315178571429,0.986513988095238,0.988411706349206,73.2182391865079,87.6488368055556,97.2880484126984,5.78956924603175,7
201922,125,23.4692666666667,26.0046128968254,29.2864588293651,1.73190555555556,18.0786194444444,51.7088,0.984435714285714,0.986459424603175,0.988179563492063,72.2760802579365,86.3805130952381,95.9823694444445,5.81719216269841,7
201923,86,23.3139443452381,26.3023376984127,29.9605906746032,1.71486666666667,10.3085263888889,29.6614201388889,0.985719642857143,0.987660416666667,0.989395238095238,66.2454737103175,82.9637008928572,94.9259107142857,6.64664632936508,7
201924,98,23.4298578373016,26.2038908730159,29.7120429563492,2.56871597222222,16.1431319444444,41.5368465277778,0.986084325396825,0.988065277777778,0.989644444444445,66.4535854166667,81.7185797619048,92.7795663690476,6.28218511904762,7
201925,74,23.6005393849206,26.7443764880952,30.4768307539683,0.36484375,3.7052375,13.1238006944444,0.987233035714286,0.989034126984127,0.990595833333333,60.2650086309524,77.3957212301587,90.7382301587302,6.87629136904762,7
201926,60,23.3635198412698,26.7737103174603,30.7613262896825,0.849829861111111,4.08488541666667,13.30805,0.985476091269841,0.987466170634921,0.98904503968254,56.7114481150794,74.8538438492063,89.0817080357143,7.3978064484127,7
201927,53,23.6503643849206,27.0076606150794,30.9518295634921,0.410943055555556,3.0724,10.3221104166667,0.985145833333333,0.986839880952381,0.988480456349206,56.4491257936508,74.8168824404762,89.3753359126984,7.30146517857143,7
201928,44,23.0549493055556,25.9419928571429,29.5228523809524,1.71760763888889,10.9275868055556,30.493475,0.986638095238095,0.988669345238095,0.990295138888889,63.4992723214286,79.9824391865079,92.4528713293651,6.46790307539683,7
201929,44,23.0022660714286,26.3280314484127,30.4102750992063,1.00958263888889,6.50755555555556,23.3027458333333,0.986297023809524,0.988135615079365,0.989725099206349,58.1068815476191,77.0100377976191,91.307258234127,7.40800902777778,7
201930,48,23.2317222222222,26.8364333333333,31.0930191468254,0.668284722222222,3.45967569444445,11.7598722222222,0.986201091269841,0.988008531746032,0.989565873015873,50.8340920634921,70.3953163690476,85.6964412698413,7.86129692460317,7
201931,47,23.5765882936508,27.4306931547619,32.0217484126984,0.339575,2.2361875,7.16851527777778,0.985407142857143,0.987513888888889,0.98919126984127,50.4403110119048,70.6460487103175,87.1250181547619,8.44516011904762,7
201932,50,23.541179265873,27.0096267857143,31.2467052579365,0.875226388888889,6.66187361111111,21.9941972222222,0.987786011904762,0.989650992063492,0.99132748015873,51.9909533730159,70.8714632936508,85.5785692460317,7.70552599206349,7
201933,50,23.773850297619,27.6816968253968,32.2699139880952,0.611881944444444,3.02717291666667,8.36194305555556,0.986050396825397,0.988060218253968,0.989793551587302,48.1436911706349,67.5557420634921,84.3902991071429,8.49606369047619,7
201934,49,23.5356344246032,27.5549921626984,32.3278058531746,0.165632638888889,1.87347291666667,6.61283194444444,0.98694503968254,0.988687599206349,0.990440674603175,49.1679287698413,70.1926157738095,88.2898316468254,8.79217142857143,7
201935,66,23.7549140873016,27.8062786706349,32.6591075396825,0.135102083333333,1.66145694444444,6.26699444444445,0.985918551587302,0.98788998015873,0.989678174603175,47.0841198412698,68.0675716269841,86.4299057539683,8.90419345238095,7
201936,37,24.2608616071429,28.1393971230159,32.9942407738095,0.0921125,2.33921458333333,9.39301180555556,0.985416765873016,0.987171031746032,0.989142757936508,48.8711223214286,69.7979148809524,87.4295050595238,8.73337916666667,7
201937,55,24.2333694444444,28.2508369047619,33.1603408730159,0.133889583333333,2.21077291666667,9.68989930555555,0.985247619047619,0.987196130952381,0.989126686507937,47.3245885912699,67.9321750992064,86.0728412698413,8.92697142857143,7
201938,69,24.5711365079365,28.640605952381,33.6268148809524,0.07038125,1.10067638888889,4.39317638888889,0.983293452380952,0.985265575396826,0.98720248015873,45.7907818452381,66.8910568452381,85.7106593253968,9.05567837301587,7
201939,68,24.4812168650794,28.1988626984127,32.8146459325397,0.405384027777778,4.65493819444444,14.3307868055556,0.984987896825397,0.987049107142857,0.989140376984127,50.7165244047619,70.4973277777778,87.7355047619048,8.33342906746032,7
201940,51,24.0707245039683,27.8066985119048,32.4365106150794,0.240928472222222,4.38021597222222,16.0469020833333,0.983409523809524,0.985589087301587,0.987497817460318,50.5536576388889,71.4806988095238,89.4938356150794,8.36578611111111,7
201941,77,24.0707524801587,27.5817821428571,31.9621308531746,0.598077777777778,6.13156180555556,18.4771159722222,0.983091468253968,0.98524375,0.987453869047619,53.4269074404762,72.6833959325397,89.278430952381,7.89137837301587,7
201942,59,24.1805061507936,27.4010412698413,31.6235738095238,1.24276180555556,10.1255652777778,30.0799576388889,0.983927579365079,0.986002976190476,0.987914781746032,56.1040880952381,74.9981482142857,90.2690430555556,7.44306765873016,7
201943,51,23.9123220238095,27.3422150793651,31.6337395833333,1.08752222222222,10.5151333333333,30.7751180555556,0.983065575396825,0.985307936507936,0.987467162698413,57.2248709325397,77.1206601190476,93.2067178571428,7.72141755952381,7
201944,54,24.1927590277778,27.863968452381,32.3389223214286,0.562034722222222,5.28654375,15.6129618055556,0.98275,0.985075496031746,0.987338591269841,52.2112317460317,72.6927620039682,90.1996418650794,8.14616329365079,7
201945,66,24.3955963293651,27.8968992063492,32.1785186507936,0.496717361111111,6.45339375,20.9005493055556,0.982047023809523,0.984136904761905,0.98638621031746,54.965091468254,74.1325946428571,90.6029070436508,7.78292232142857,7
201946,71,24.4551421626984,27.8982040674603,32.167947718254,0.520790277777778,6.98477986111111,19.90679375,0.981435714285714,0.983800396825397,0.985945436507937,54.8423344246032,74.3450943452381,90.9738286706349,7.71280555555556,7
201947,70,23.8251308531746,26.6308588293651,30.4631576388889,2.92768958333333,24.9275923611111,69.9873513888889,0.982534920634921,0.984733531746032,0.986735317460318,63.1920764880952,81.3352865079365,94.4709215277778,6.63802678571428,7
201948,48,24.3544547619048,27.6359176587302,31.6030808531746,0.452902083333333,5.96907638888889,20.4999513888889,0.982193849206349,0.984378273809524,0.986526091269841,57.5079143849206,76.8063780753968,92.4131607142857,7.24862609126984,7
201949,53,24.4666532738095,27.7554775793651,31.854508234127,0.667678472222222,5.59415486111111,15.8512979166667,0.983341567460318,0.985389384920635,0.987547023809524,55.218983234127,74.7777342261905,90.7824701388889,7.38785496031746,7
201950,39,23.9996458333333,26.8217005952381,30.5680444444444,2.94230416666667,19.4701430555556,44.6548215277778,0.982302281746032,0.984572916666667,0.986708630952381,63.3348346230159,80.2337108134921,93.1188575396825,6.56839861111111,7
201951,43,24.074662797619,26.6893199404762,30.2862375992064,2.97168194444444,19.5801798611111,54.4608201388889,0.982594047619048,0.984680555555555,0.986356944444444,66.8455921626984,82.9260049603175,94.3317175595238,6.2115748015873,7
201952,44,24.3888221230159,26.9765630952381,30.5909959325397,2.59642569444444,19.8689395833333,54.5741409722222,0.982512896825397,0.984714682539683,0.986503373015873,67.2311734126984,83.0999521825397,94.5160863095238,6.20217380952381,7
202001,88,23.3962510912698,25.260580952381,27.9984612103175,7.80490208333333,49.5286159722222,121.163725,0.983648015873016,0.985705059523809,0.987450297619048,76.8396949404762,89.3688134920635,96.9759433531746,4.60221011904762,7
202002,105,23.312552281746,25.4617601190476,28.4378135912698,3.98052569444444,30.1743631944444,85.5485125,0.984675992063492,0.986725595238095,0.988537896825397,73.8474124007936,87.2679353174603,95.9293508928571,5.12526130952381,7
202003,153,23.3439313492064,25.7672625,28.9923100198413,2.76120277777778,27.3130986111111,73.9695194444444,0.984716170634921,0.986745436507936,0.988649801587302,72.529000297619,86.772895436508,96.3622376984127,5.64837867063492,7
202004,180,23.8064936507936,25.9499299603175,28.9525911706349,4.40769583333333,31.4564076388889,80.5111784722222,0.983549900793651,0.985644047619048,0.987468253968254,72.9250748015873,85.9437234126984,94.8980799603174,5.14609751984127,7
202005,195,23.5993922619048,25.8118551587302,29.0213396825397,5.90848472222222,40.2424013888889,104.494735416667,0.985037599206349,0.987153273809524,0.989037698412698,73.6833850198413,87.8885229166667,96.7866652777778,5.42194742063492,7
202006,219,23.2776067460317,25.1634322420635,27.7620529761905,7.32249027777778,47.3614909722222,105.379178472222,0.985122916666666,0.987125892857143,0.988920238095238,76.2863300595238,88.097583234127,95.754179265873,4.48444623015873,7
202007,230,23.1971802579365,25.4158138888889,28.7459819444444,6.50854027777778,40.0981055555556,109.962836111111,0.98463998015873,0.98700873015873,0.988928571428571,73.7052662698413,88.0888406746032,97.0166625,5.54880168650794,7
202008,156,23.412914781746,25.3836906746032,28.1749155753968,6.80133611111111,57.5275118055556,151.418200694444,0.983780357142857,0.985766865079365,0.987457936507936,76.565830952381,89.0755905753968,96.8635805555555,4.76200079365079,7
202009,147,23.7254235119048,25.8537781746032,28.7443328373016,5.51678472222222,39.1003784722222,96.5795451388889,0.984509027777778,0.986718551587301,0.988609126984127,74.3549169642857,87.4750342261905,96.2155080357143,5.01890932539683,7
202010,186,23.5113489087302,25.5739244047619,28.442416765873,7.54343333333333,53.6312854166667,136.403554166667,0.984935912698412,0.987299900793651,0.989090079365079,75.0110831349206,88.0052599206349,96.3807868055555,4.93106785714286,7
202011,193,23.3122533730159,25.1667952380952,27.7281713293651,10.0684256944444,75.3899631944444,207.599211805556,0.984220833333333,0.986354563492064,0.988205456349206,78.0568907738095,89.6454759920635,96.765185515873,4.41591795634921,7
202012,115,23.2501856150794,25.2680824404762,27.955306547619,10.0886055555556,64.9603090277778,175.908984027778,0.984671031746032,0.986685218253968,0.988517361111111,77.1069780753968,89.1914370039682,97.2311243055556,4.70512093253968,7
202013,101,23.4096580357143,25.9636537698413,29.5275514880952,4.09106944444444,27.31265625,73.6397180555555,0.983647916666667,0.986101388888889,0.988074503968254,70.5568316468254,86.2904098214286,96.5570793650794,6.11789345238095,7
202014,86,23.6575509920635,26.0468396825397,29.3356918650794,5.99545208333333,36.9956986111111,96.2285902777778,0.983187003968254,0.985347023809524,0.987098214285714,72.842275297619,87.6349205357143,96.8307313492063,5.67814087301587,7
202015,93,23.9204391865079,26.1063376984127,29.2349173611111,8.45497986111111,44.7777194444445,118.913632638889,0.984068849206349,0.986175595238095,0.988132936507937,75.0045407738095,88.7781198412699,97.3245965277778,5.31447817460317,7
202016,86,22.9108087301587,24.8161663690476,27.3859299603175,9.46325347222222,58.1022694444444,147.475786111111,0.985535218253968,0.987548809523809,0.989265476190476,79.6659099206349,90.788062202381,97.7671328373016,4.47512123015873,7
202017,84,22.9871163690476,25.1148088293651,27.9485008928571,7.39678194444445,51.1696444444445,126.039813888889,0.985075198412698,0.987374404761905,0.989245634920635,78.3457992063492,90.4980134920635,98.1423237103175,4.96138452380952,7
202018,95,23.3160328373016,25.7513041666667,28.8634768849206,6.11700347222222,36.9123694444444,93.6607284722222,0.985860615079365,0.987913492063492,0.989564880952381,72.715645734127,87.0907175595238,96.4136869047619,5.54744404761905,7
202019,108,23.8781862103175,26.4946193452381,29.7603026785714,2.86097847222222,18.9742604166667,54.20945,0.984603472222222,0.986612698412698,0.988288888888889,70.2337163690476,85.4885186507936,95.7689818452381,5.88211646825397,7
202020,62,23.7619048611111,26.3729054563492,29.6635560515873,3.18584861111111,18.95951875,48.8013375,0.985273412698413,0.987400992063492,0.989216964285714,68.6646043650794,84.0822169642857,94.763514781746,5.90165119047619,7
202021,78,23.5657745039683,25.9726618055556,29.1197424603175,4.00801041666667,24.9466611111111,65.7775763888889,0.985783531746032,0.988024305555556,0.989878273809524,72.690687797619,86.5523057539683,95.8239773809524,5.55396795634921,7
202022,63,23.3354424603175,26.0664932539683,29.3348721230159,3.0670875,18.2676055555556,52.0418055555556,0.985788988095238,0.987905853174603,0.989573313492064,69.6004121031746,85.1452378968254,96.1540443452381,5.99942966269841,7
202023,37,23.1108745039683,25.6802293650794,28.8265479166667,8.53474305555556,37.9476041666667,95.5996701388889,0.986468849206349,0.98832619047619,0.99008492063492,72.2937489087302,86.2877974206349,96.1190587301587,5.71567341269841,7
202024,26,23.024298015873,25.9345060515873,29.4072399801587,1.96411666666667,15.137525,45.3925902777778,0.985899702380952,0.987838293650794,0.989452876984127,67.0684517857143,82.9981804563492,94.2079922619048,6.38294196428572,7
202025,41,23.1829443452381,26.2944723214286,29.9191131944444,0.966152083333333,6.70519305555556,24.68701875,0.986200992063492,0.987984027777778,0.989512003968254,60.3668408730159,77.2934384920635,89.1538965277778,6.73616884920635,7
202026,31,23.1922803571429,26.4805322420635,30.3309553571429,0.782477083333333,6.26877777777778,21.9617298611111,0.984849206349206,0.986784325396825,0.988354166666667,58.5790015873016,75.9547598214286,89.0367918650794,7.138675,7
202027,22,23.3319323412698,26.727547718254,30.7902864087302,0.791564583333333,5.67864861111111,17.59595,0.984493055555556,0.986310714285714,0.987920734126984,58.4462561507937,76.2337549603175,90.0087145833333,7.45835406746032,7
202028,12,23.2240975198413,26.7608853174603,30.8378911706349,0.297270833333333,3.64671875,14.2802097222222,0.985258630952381,0.98696498015873,0.988459325396825,55.8989554563492,74.2592461309524,88.9279228174603,7.61379365079365,7
202029,20,23.0552873015873,26.9415929563492,31.3686114087302,0.314097916666667,2.4627875,8.55431944444445,0.985875099206349,0.987739384920635,0.989350099206349,51.4265805555556,72.2641895833333,88.9420199404762,8.31332410714286,7
202030,19,23.081033531746,27.0242403769841,31.5684723214286,0.180022222222222,1.79005,6.84289583333333,0.984999404761905,0.986746924603174,0.988273115079365,47.1068306547619,67.8996548611111,84.6814188492063,8.48743878968254,7
202031,16,22.7924130952381,27.3937251984127,32.5154218253968,0.0915847222222222,0.548534027777778,2.26303541666667,0.985856150793651,0.987750396825397,0.989325496031746,38.6479216269841,61.736295734127,81.3670239087302,9.72300873015873,7
202032,16,23.0985677579365,27.5177395833333,32.4936489087302,0.286103472222222,1.00907013888889,3.52937430555556,0.987463392857143,0.989423511904762,0.99100873015873,39.6097158730159,61.5818438492064,80.5613735119048,9.39508115079365,7
202033,20,23.4976364087302,28.1412337301587,33.2507780753968,0.0567375,0.659199305555556,2.48834930555556,0.983940674603174,0.986015773809524,0.987806746031746,40.7263195436508,62.147264781746,82.1000600198413,9.75314166666667,7
202034,20,23.7368149801587,28.4293018849206,33.593739781746,0.0180861111111111,0.580628472222222,2.4284625,0.983672123015873,0.98552251984127,0.987547222222222,40.212851984127,62.3031259920635,82.9163799603174,9.8569248015873,7
202035,24,23.9871334325397,27.6911847222222,32.2860121031746,1.2468,7.30237152777778,20.7691805555556,0.984212698412699,0.986287599206349,0.987958134920635,51.6672943452381,72.3471076388889,89.4354913690476,8.29887867063492,7
202036,16,23.5961100198413,28.0507574404762,33.1757137896825,0.453638194444445,2.24079791666667,6.76169930555556,0.984606646825397,0.986480059523809,0.988448214285714,41.8106409722222,64.2905536706349,83.9917448412698,9.57960376984127,7
202037,13,24.1128538690476,28.6911351190476,33.8792806547619,0.0517986111111111,0.900202777777778,4.08031666666667,0.983638392857143,0.985677281746032,0.987602083333333,40.7061314484127,62.4172671626984,82.4016672619047,9.76642678571429,7
202038,10,24.1773181547619,28.7176253968254,33.8570920634921,0.168220833333333,1.02283888888889,3.87630486111111,0.984285317460317,0.986328968253968,0.988482738095238,41.0776528769841,62.6565486111111,82.9275073412698,9.67977390873016,7
202039,14,24.5269185515873,28.3677662698413,33.0786400793651,0.387665277777778,3.74600277777778,11.9471993055556,0.984856051587302,0.98690753968254,0.988830654761905,48.5639028769841,68.5051844246032,85.7345536706349,8.55172152777778,7
202040,13,24.1475428571429,28.2258084325397,33.0389760912699,0.286874305555556,2.17676388888889,8.57293263888889,0.983267857142857,0.985240773809524,0.987335218253968,47.5756361111111,68.5398700396825,87.3683362103175,8.89143323412698,7
202041,12,24.2300699404762,28.6759920634921,33.84589375,0.104665972222222,1.36806944444444,5.62431388888889,0.984580952380953,0.986585912698413,0.98864494047619,42.5881765873016,65.2690532738095,85.614835515873,9.61582380952381,7
202042,14,24.2298643849206,28.4059959325397,33.2736138888889,0.165590277777778,1.9245125,7.22744166666667,0.984041666666667,0.986182242063492,0.988495634920635,45.9458549603175,67.2673435515873,86.8485378968254,9.04374950396825,7
202043,16,24.6983276785714,28.6442887896825,33.3481018849206,0.205790972222222,2.50955486111111,8.08248541666667,0.98315128968254,0.985392857142857,0.987681547619048,46.5400493055556,67.3571309523809,86.2687765873016,8.64977420634921,7
202044,16,24.7328319444444,28.4045851190476,33.134381547619,0.629260416666667,6.43788680555556,21.5371527777778,0.98180376984127,0.984189880952381,0.986397916666667,49.7569443452381,71.7366418650794,89.3099764880952,8.4015496031746,7
202045,28,24.0248419642857,26.8063411706349,30.4947624007937,4.08283333333333,30.6385506944444,86.7696076388889,0.982776884920635,0.98506626984127,0.987188988095238,63.1680916666667,80.7563244047619,93.4390831349206,6.46992043650794,7
202046,24,24.0313120039683,27.0414492063492,30.8880329365079,0.867117361111111,13.0350930555556,43.3853659722222,0.983348908730159,0.985629960317461,0.987880059523809,63.0126639880952,80.5950923611111,93.2360579365079,6.85672093253968,7
202047,33,23.9437847222222,26.648075297619,30.2286746031746,2.28371805555556,21.5065909722222,63.0970979166667,0.98220376984127,0.984485119047619,0.986483234126984,65.5665551587302,82.3461698412698,94.4651446428571,6.28488988095238,7
202048,28,23.5678680555556,26.0828092261905,29.5241557539683,4.96795763888889,36.2594930555556,101.186438194444,0.983396527777778,0.985490674603175,0.9874,67.9265492063492,84.244502281746,95.1681717261905,5.9562876984127,7
202049,40,23.8486661706349,26.7999338293651,30.5490750992063,1.59796319444444,9.46625277777778,26.7067229166667,0.983694742063492,0.985784821428571,0.98781746031746,63.6752656746032,80.7214561507937,93.5584595238095,6.70040892857143,7
202050,34,23.7315308531746,26.491785218254,30.046996031746,1.51918958333333,13.6923895833333,40.4888708333333,0.984291071428571,0.986340178571429,0.988249107142857,64.1561986111111,81.1774443452381,93.7355942460318,6.31546517857143,7
202051,24,23.6016081349206,26.3225347222222,30.0260057539683,2.51962847222222,18.2752006944444,52.0241722222222,0.983130158730159,0.985345138888889,0.987216567460318,66.4955803571428,83.143978968254,94.7536738095238,6.42439761904762,7
202052,15,23.6879418650794,26.3373561507936,29.7934409722222,2.176775,17.0821180555556,45.0842701388889,0.982372222222222,0.984534424603175,0.98638501984127,64.2956202380952,81.6076836309524,93.8392300595238,6.10549910714286,7
202101,55,23.5029777777778,26.2496064484127,29.8509319444444,3.35633958333333,18.5950034722222,51.4994354166667,0.983202678571429,0.985127380952381,0.986939285714286,66.9593058531746,83.0734865079365,94.7128482142857,6.34795416666667,7
202102,67,23.3181407738095,25.9324188492063,29.3474758928571,3.73559236111111,23.2492916666667,59.5301194444444,0.983117261904762,0.985396527777778,0.987313492063492,68.2178895833333,84.2622246031746,95.6206567460318,6.02933511904762,7
202103,100,23.1098463293651,25.4914145833333,28.7482878968254,6.13738819444445,32.7795729166667,84.6546131944445,0.983555753968254,0.985447123015873,0.987211111111111,70.6777954365079,85.8893338293651,95.8155273809524,5.63844156746032,7
202104,97,23.0702316468254,25.503210218254,28.8974118055556,5.85341736111111,32.4546625,85.4716951388889,0.98316378968254,0.985273511904762,0.987187202380952,71.83645625,86.6876390873016,96.3510595238095,5.82718015873016,7
202105,85,23.7527721230159,26.6419198412698,30.3649277777778,1.4150875,11.70523125,35.3726569444444,0.983444047619047,0.985536904761905,0.987384722222222,64.0219393849206,81.1652552579365,94.0551451388889,6.61215565476191,7
202106,87,23.436641468254,25.63741875,28.7232790674603,6.16499791666667,41.4191798611111,95.9942409722222,0.983109523809524,0.98541130952381,0.987192658730159,73.1752158730159,86.9253316468254,96.0223930555556,5.28663759920635,7
202107,102,22.9445446428571,24.6300884920635,27.1546474206349,12.4722875,68.5900298611111,170.60529375,0.984339087301587,0.98623373015873,0.987931746031746,79.0146442460318,90.3107220238095,97.0292454365079,4.21010277777778,7
202108,90,22.8225052579365,24.9976416666667,28.1428795634921,9.21506666666667,49.63685,127.993483333333,0.983608829365079,0.986011706349206,0.9878,74.0923248015873,88.161326984127,96.8810824404762,5.32037430555556,7
202109,144,22.71955,24.8026670634921,27.7745617063492,8.58580625,52.0007,125.949529861111,0.983023115079365,0.985236408730159,0.987101388888889,76.0133908730159,89.3980803571428,97.3618054563492,5.05501170634921,7
202110,145,22.7700339285714,24.8794879960317,27.7882047619048,11.3344923611111,80.2384222222222,213.730875694444,0.983972321428571,0.986168055555556,0.988089285714286,77.0942584325397,89.8826365079365,97.7028,5.01817083333333,7
202111,160,22.6405771825397,24.9885693452381,28.1962598214286,5.39520277777778,44.4615159722222,115.030400694444,0.983892757936508,0.986188988095238,0.988136904761905,73.7366614087302,87.8112436507937,96.9273219246032,5.55568263888889,7
202112,88,22.4250837301587,24.7420399801587,27.8604228174603,8.93746180555555,51.3750555555556,136.943245833333,0.984616170634921,0.986830158730159,0.988576785714286,75.0837231150794,88.7733939484127,97.4327643849206,5.43533908730159,7
202113,119,22.9251659722222,25.3811920634921,28.7687659722222,6.19436597222222,37.3763361111111,108.002689583333,0.983155654761905,0.985401984126984,0.987298908730159,72.5948587301587,87.4428979166667,96.9290226190476,5.8436,7
202114,110,23.6081534722222,26.5413704365079,30.2759514880952,1.27747708333333,12.7433041666667,37.4256395833333,0.982905158730159,0.985052083333333,0.986956150793651,65.5313351190476,82.7495482142857,94.813141468254,6.66779801587302,7
202115,138,23.2713444444444,25.6953929563492,29.056999702381,5.91924583333333,30.9395888888889,75.2127229166666,0.983563293650794,0.985957242063492,0.987957142857143,72.4658906746032,87.0521912698413,96.3713755952381,5.78565525793651,7
202116,123,22.7200726190476,24.8028621031746,27.8011089285714,9.16991944444444,46.98836875,114.965613194444,0.984624603174603,0.9868125,0.988696329365079,77.6998302579365,90.5977608134921,98.2256494047619,5.08103630952381,7
202117,101,23.0668575396825,25.6306658730159,28.9577206349206,6.92154513888889,42.1724041666667,93.9216409722222,0.983764087301587,0.986079464285714,0.987921428571429,71.9389777777778,87.0631996031746,96.9906625992064,5.89086309523809,7
202118,91,22.7552521825397,25.2387155753968,28.4944237103175,4.69551111111111,30.2386791666667,98.7173458333333,0.985588591269841,0.987694642857143,0.989463888888889,72.8677014880952,87.6833357142857,97.1655068452381,5.73917152777778,7
202119,93,22.9326035714286,25.5898463293651,28.8746843253968,4.78872569444444,25.2363034722222,64.8739895833333,0.985195634920635,0.987197916666667,0.988849107142857,70.7802632936508,85.9090526785714,96.0445761904762,5.94208075396825,7
202120,91,23.2307889880952,25.939208234127,29.3034552579365,4.15276736111111,18.6969708333333,58.1868305555556,0.985205456349207,0.987094742063492,0.988668353174603,68.670660515873,84.8940486111111,95.8892357142857,6.07266626984127,7
202121,91,23.3903951388889,26.7270204365079,30.6300146825397,0.836759027777778,6.06651388888889,20.91151875,0.984580456349206,0.986570436507937,0.988348115079365,60.860218452381,79.9759277777778,93.1429238095238,7.23961954365079,7
202122,78,23.3690679563492,26.6030770833333,30.5119415674603,1.054275,6.86524236111111,22.2858763888889,0.985018055555556,0.98693630952381,0.988607738095238,60.6969553571429,78.9432171626984,92.0695718253968,7.14287361111111,7
202123,81,23.1247386904762,25.8352307539683,28.9974761904762,4.37601388888889,25.75515,60.1483,0.984846130952381,0.986785515873016,0.988427876984127,68.1794560515873,82.6332159722222,93.5320061507936,5.8727375,7
202124,62,22.9363050595238,25.7189840277778,29.1958884920635,1.92547152777778,14.1541215277778,44.6849020833333,0.986523511904762,0.988403571428571,0.990140277777778,69.1494381944445,84.2473346230159,95.2895639880952,6.25958343253968,7
202125,49,22.7351340277778,25.9449375992063,29.6913113095238,0.56426875,4.39876944444444,13.9590326388889,0.986461607142857,0.988383134920635,0.99008244047619,62.985233531746,80.0944572420635,93.2922598214286,6.95617728174603,7
202126,46,22.5920317460317,25.6991321428571,29.5014609126984,1.52787013888889,12.7900923611111,36.6964534722222,0.986987896825397,0.988849603174603,0.990567857142857,62.1088584325397,78.9861302579365,91.4266420634921,6.90942916666667,7
202127,68,22.5376716269841,25.7492620039683,29.7489389880952,4.33399375,16.7798638888889,45.9182131944444,0.98646121031746,0.988570337301587,0.990232936507937,62.4173851190476,79.7110162698413,92.3180658730159,7.21126736111111,7
202128,32,23.0687864087302,26.503121031746,30.5511400793651,1.1254875,6.26458958333333,19.6552270833333,0.985957341269841,0.987847916666667,0.989471130952381,58.4599275793651,76.0773288690476,89.6458010912698,7.48235367063492,7
202129,28,23.0788518849206,26.673925297619,30.9982845238095,1.05358194444444,5.32442777777778,16.9504402777778,0.986812103174603,0.988898908730159,0.990692361111111,56.1549944444444,75.0081668650794,89.5652291666667,7.91943263888889,7
202130,24,23.0531925595238,26.6960616071429,31.0165866071429,1.30837152777778,9.69056736111111,26.5999208333333,0.986434821428572,0.988298214285714,0.990071825396825,54.1443405753968,72.5670965277778,87.1434777777778,7.96339404761905,7
202131,39,22.8219783730159,26.7975881944444,31.3803021825397,0.523432638888889,4.14646875,19.1251618055556,0.988020734126984,0.990121329365079,0.992009821428572,49.4141932539683,71.0017389880952,87.54701875,8.55832380952381,7
202132,41,23.4226010912698,26.9502345238095,31.3942029761905,0.956605555555555,10.9726965277778,35.3557236111111,0.986190773809524,0.988113888888889,0.989800595238095,54.8379868055556,72.7207168650794,86.8886108134921,7.97160188492064,7
202133,36,23.0877810515873,27.1689363095238,31.8634987103175,0.847041666666667,4.69505555555556,13.7511805555556,0.984648908730159,0.986816071428572,0.988700992063492,50.6600255952381,70.5261934523809,87.1484271825397,8.77571765873016,7
202134,33,24.023056547619,27.6460673611111,32.0328791666667,0.276491666666667,4.24316736111111,14.8802756944444,0.982999107142857,0.984870932539683,0.986700694444444,53.0022703373016,71.2656881944445,86.5990604166667,8.00982261904762,7
202135,23,23.6604176587302,26.7983594246032,30.8599032738095,2.41800763888889,13.5026097222222,36.8033819444444,0.984719444444444,0.986806746031746,0.988652579365079,60.0337174603175,77.7128030753968,91.3947058531746,7.19948561507937,7
202136,22,23.763323015873,27.3044177579365,31.6017445436508,0.329875,3.09092708333333,11.6726319444444,0.985070734126984,0.986791369047619,0.988678571428571,54.8275688492064,74.7279177579365,90.5408452380952,7.83842152777778,7
202137,34,23.7484563492064,27.29775,31.6924681547619,0.264928472222222,5.02613819444444,18.4520472222222,0.985670238095238,0.987843452380952,0.989771626984127,55.6082199404762,75.0648820436508,90.6059084325397,7.94401180555556,7
202138,24,24.1278208333333,27.8182648809524,32.3213909722222,0.351346527777778,3.78725138888889,12.7653625,0.984598214285714,0.986508928571429,0.988583234126984,52.8175645833333,72.2930615079365,89.0351450396825,8.19357013888889,7
202139,36,23.773571031746,26.9630141865079,31.1426713293651,1.06611736111111,9.71193472222222,31.0295159722222,0.984243154761905,0.986682638888889,0.988763591269841,59.3425070436508,78.0248114087302,92.3016931547619,7.36910029761905,7
202140,18,24.1579733134921,27.9417197420635,32.4257735119048,0.160765277777778,2.53280972222222,11.5067055555556,0.98257251984127,0.984539583333333,0.986898115079365,52.1124498015873,72.7090442460317,90.1958255952381,8.2678001984127,7
202141,23,24.5549149801587,28.2643055555556,32.7330505952381,0.142597916666667,2.66266527777778,9.68470138888889,0.983418650793651,0.985380952380952,0.98753621031746,50.898712797619,70.7240300595238,87.7436086309524,8.17813561507936,7
202142,34,24.1714229166667,27.2147623015873,31.3311803571429,2.54082152777778,18.4177527777778,49.7068201388889,0.983716964285714,0.986051686507937,0.988311805555556,59.8276632936508,78.9777514880952,92.9866962301587,7.15975744047619,7
202143,34,23.8445994047619,27.0287072420635,31.0433353174603,2.19173541666667,14.7916493055556,46.5556416666667,0.984453571428571,0.986607043650794,0.988628273809524,61.4805380952381,79.8558086309524,93.6211620039682,7.19873591269841,7
202144,62,23.8951576388889,26.8152674603175,30.6670579365079,1.57465555555556,14.5825097222222,40.3040166666667,0.983093948412698,0.985513293650794,0.987922817460318,63.0902995039683,81.0010984126984,93.8714089285714,6.77190029761905,7
202145,69,23.5948037698413,26.3403548611111,29.8060606150794,4.67867569444444,29.0509055555555,77.9684868055556,0.982789087301587,0.985226091269841,0.987322222222222,65.2443910714286,82.3429099206349,94.849226984127,6.2112568452381,7
202146,173,23.7493594246032,26.5381137896825,30.2063617063492,3.82513888888889,21.13715,53.8048326388889,0.982090873015873,0.984395238095238,0.98650257936508,65.5932418650794,82.5866003968254,94.5844637896825,6.45700228174603,7
202147,218,23.7351005952381,26.7209911706349,30.5324199404762,2.53719722222222,16.0660465277778,49.0057541666667,0.98260496031746,0.984831845238095,0.98681369047619,63.7649115079365,81.8354638888889,94.921073015873,6.7973193452381,7
202148,389,23.9082226190476,26.6762833333333,30.2496669642857,3.60063611111111,20.1823090277778,50.3489034722222,0.982070238095238,0.9844,0.986492956349206,65.6071614087301,82.6753981150793,94.8315191468254,6.3414443452381,7
202149,436,23.835870734127,26.1906650793651,29.4441033730159,5.47880763888889,33.7633854166667,86.43724375,0.981889186507936,0.984480357142857,0.986373115079365,70.4353296626984,85.8808505952381,95.9310751984127,5.60823263888889,7
202150,255,24.2650405753968,26.7789638888889,30.1175749007936,2.60508194444444,20.1228493055556,53.4766583333333,0.981709523809524,0.983740674603175,0.985736111111111,66.8065034722222,82.9072389880952,94.0709996031746,5.85253432539683,7
202151,113,24.3157933531746,26.6944173611111,29.852495734127,3.28606666666667,21.5739583333333,53.1380048611111,0.98227123015873,0.984320932539683,0.986035714285714,66.9973322420635,82.38389375,93.3949067460317,5.53670238095238,7
202152,18,23.4875551587302,25.4937528769841,28.3503953373016,5.99172847222222,39.9221159722222,106.642668055556,0.983494444444444,0.985520238095238,0.987277678571428,74.47216875,87.4633678571429,95.8588819444444,4.86284017857143,7
202201,245,22.9529556547619,24.8725632936508,27.6204521825397,9.16785763888889,50.8456993055556,128.2531875,0.98374255952381,0.985674007936508,0.987398313492064,77.0642198412698,89.7256361111111,97.2377405753968,4.66749652777778,7
202202,290,22.7064478174603,25.1611063492063,28.4062786706349,5.28954861111111,32.2267854166667,85.8133090277778,0.985221924603174,0.987169047619048,0.988928075396825,70.9895811507936,86.2708555555556,96.5157340277778,5.6998308531746,7
202203,274,22.9569768849206,25.5495552579365,29.0326595238095,5.68087708333333,29.6372673611111,76.2433326388889,0.98432380952381,0.986677678571429,0.98856369047619,70.5634166666667,85.853772718254,95.9988125992064,6.07568263888889,7
202204,179,22.8767396825397,24.9398337301587,27.7148890873016,7.76201111111111,47.4709243055555,109.579784722222,0.983324305555556,0.985385416666667,0.987144742063492,74.8973713293651,88.231601984127,96.5711071428572,4.8381494047619,7
202205,279,22.7859112103175,25.153060218254,28.473766468254,5.41703541666667,31.9513256944444,88.7660777777778,0.983793948412699,0.986002380952381,0.987909821428572,72.994691765873,87.6792357142857,96.8995661706349,5.68785525793651,7
202206,223,22.9846813492064,25.4365906746032,28.8658408730159,4.96428888888889,30.3499486111111,80.7626631944444,0.98300753968254,0.985204761904762,0.986975992063492,71.5305358134921,86.9100333333333,96.7061785714286,5.88115952380952,7
202207,217,23.028462202381,25.3711005952381,28.5802121031746,6.91272430555556,38.4407388888889,99.3447194444444,0.983264682539682,0.985544146825397,0.987441765873016,71.5483740079365,86.5650133928571,96.3830514880952,5.55174990079365,7
202208,163,23.2997538690476,25.8888685515873,29.4478870039683,3.44851666666667,22.7992222222222,65.2083138888889,0.983711011904762,0.985913492063492,0.987754265873016,69.0096525793651,85.2207034722222,96.0170778769841,6.14813313492064,7
202209,242,23.1778339285714,25.4692098214286,28.6965126984127,4.57185208333333,35.2984513888889,88.63306875,0.983200694444444,0.985604761904762,0.987545337301587,72.9060395833333,87.4871131944445,96.655876984127,5.51867876984127,7
202210,204,22.7654651785714,24.8676819444444,27.8912033730159,13.95968125,75.27163125,191.389347222222,0.983193154761905,0.985217857142857,0.987010416666667,75.7048919642857,89.7321316468254,97.8566506944445,5.12573819444445,7
202211,217,22.8592912698413,24.9487184523809,27.9016911706349,9.27081388888889,60.1496729166667,159.531077777778,0.98362251984127,0.985862301587302,0.987720535714286,76.02665625,89.2514050595238,97.3190671626984,5.04239990079365,7
202212,198,22.9797822420635,25.2328392857143,28.3751681547619,7.37495972222222,50.3618333333333,130.913624305556,0.983111408730159,0.985310912698413,0.987159424603175,75.2649513888889,89.0304318452381,97.4824261904762,5.39538591269841,7
202213,165,22.8765083333333,24.7672333333333,27.3616401785714,20.9186652777778,98.5667,220.362136805556,0.983854861111111,0.985904861111111,0.987816964285714,78.9872717261905,90.6737524801587,97.6978548611111,4.4851318452381,7
202214,168,22.9288754960317,25.0160295634921,27.8175862103175,8.41878472222222,52.2773618055556,128.365415277778,0.983972123015873,0.986062896825397,0.987893253968254,78.5957385912698,90.5738171626984,97.7437548611111,4.88871071428571,7
202215,167,23.0849079365079,25.3969864087302,28.6949910714286,3.23560833333333,33.0144090277778,89.0937958333333,0.983226785714286,0.985417361111111,0.987310714285714,73.9028149801587,88.1256804563492,96.8888814484127,5.61008313492064,7
202216,200,22.7889034722222,24.9719294642857,28.0605939484127,9.61854375,49.3735923611111,118.71709375,0.9835875,0.985886507936508,0.987784325396825,76.9998201388889,90.0232012896825,98.0003356150793,5.27169047619048,7
202217,179,22.9628930555556,25.5271545634921,28.7409814484127,2.14711319444444,22.7379791666667,66.4088131944444,0.983921924603175,0.985851785714286,0.987785317460318,71.4952046626984,86.2328736111111,95.8732048611111,5.77808839285714,7
202218,206,23.0556818452381,25.5999100198413,28.9693426587302,5.52805763888889,31.7807451388889,84.3283833333333,0.984916369047619,0.987007936507936,0.98877003968254,72.4400237103175,87.5712422619047,97.1250789682539,5.91366081349206,7
202219,204,23.0600080357143,25.4728166666667,28.5077125,4.60488402777778,31.7322118055556,82.9633409722222,0.984770535714286,0.986879861111111,0.988755357142857,74.4619123015873,87.6616359126984,96.6026374007937,5.44770446428571,7
202220,158,23.0061463293651,25.3975427579365,28.3571004960317,6.18807986111111,32.0305104166667,77.4914430555555,0.986073115079365,0.987884226190476,0.989599206349206,71.1179283730159,85.1900598214286,94.6843958333333,5.35095416666667,7
202221,100,22.647824702381,25.5277633928571,29.1858659722222,2.13930486111111,14.0834138888889,45.2186256944445,0.986510912698413,0.988554067460317,0.990178174603175,65.9017203373016,82.3826594246032,93.6873313492064,6.53804126984127,7
202222,101,22.8083739087302,25.5673916666667,29.0608843253968,2.92822986111111,20.3344395833333,61.3902652777778,0.983898214285714,0.985907242063492,0.98757996031746,69.5195125,84.7857462301587,95.3946773809524,6.25251041666667,7
202223,95,22.5431259920635,25.1938552579365,28.6986120039683,2.87366944444444,22.0583034722222,64.6828520833333,0.984623015873016,0.98671755952381,0.988377083333333,70.6784163690476,85.8673233134921,96.1181206349206,6.15548601190476,7
202224,78,22.3428763888889,25.5531182539683,29.2352774801587,2.06133611111111,10.4235722222222,25.9245736111111,0.985904662698413,0.987726884920635,0.989462996031746,63.9334301587302,82.3583786706349,95.1744094246032,6.89240109126984,7
202225,83,22.7549726190476,26.0399878968254,29.9372136904762,0.595173611111111,3.86408819444444,12.3754694444444,0.985333928571429,0.986997123015873,0.988403075396825,59.5656860119048,78.3439969246032,91.6834983134921,7.18224107142857,7
202226,90,22.7738419642857,26.1230936507936,30.1112023809524,1.49625833333333,7.08821041666667,22.1064472222222,0.985561607142857,0.987367361111111,0.988923412698413,58.5342281746032,77.4675215277778,91.0677486111111,7.33736041666667,7
202227,62,23.163783531746,26.225197718254,30.0574189484127,1.26141458333333,8.17190138888889,25.8882555555555,0.986627678571429,0.988286904761905,0.98978621031746,58.625272718254,75.711499702381,88.0510002976191,6.89363541666667,7
202228,58,23.2075604166667,26.6411238095238,30.7403915674603,0.625790972222222,5.06198333333333,15.5501909722222,0.985195337301587,0.987025396825397,0.98859623015873,55.6124732142857,74.1820512896825,88.4250705357143,7.53283115079365,7
202229,66,23.2810708333333,26.9962632936508,31.3172981150794,0.179508333333333,2.16612777777778,7.65052430555556,0.985428472222222,0.987109424603175,0.988626488095238,50.4322301587302,70.8653125,87.1763615079365,8.03622728174603,7
202230,60,23.4340831349206,27.2716981150794,31.7398120039683,0.445038194444444,4.04440694444444,13.9655493055556,0.984934027777778,0.98683125,0.988533035714285,50.5390337301587,69.9966931547619,86.1437015873016,8.30572886904762,7
202231,57,23.3810452380952,26.7237464285714,30.7846925595238,1.75173472222222,9.06980902777778,27.8579354166667,0.984450496031746,0.986424007936508,0.988232738095238,57.2891343253968,75.5310791666667,89.9916058531746,7.40364732142857,7
202232,44,23.451787797619,27.5560027777778,32.3539324404762,0.0788395833333334,1.012025,3.5768125,0.985638392857143,0.987445833333333,0.989464087301587,46.7980310515873,69.6003330357143,88.0164735119047,8.90214464285715,7
202233,44,23.3369175595238,27.7097150793651,32.7008674603175,0.112140972222222,1.05592777777778,3.89743194444444,0.984832242063492,0.986858134920635,0.988606845238095,43.5156316468254,66.0548099206349,85.5444030753968,9.36394990079365,7
202234,53,23.6074833333333,27.318169047619,31.9834503968254,0.742449305555556,5.76165486111111,19.6533486111111,0.985152976190476,0.987347619047619,0.989181051587302,48.6195211309524,69.1259586309524,85.2573803571429,8.37596706349206,7
202235,43,23.6637798611111,28.0183592261905,33.0894935515873,0.137227083333333,1.38241736111111,5.00497222222222,0.984493551587302,0.986464484126984,0.988341865079365,43.5094331349206,65.2814783730159,83.8130629960317,9.42571369047619,7
202236,41,23.9509364087302,28.1194235119048,32.9360891865079,0.168890972222222,1.83519166666667,6.4906875,0.985428075396826,0.987391170634921,0.989432142857143,45.8965607142857,66.4931283730159,85.2167148809524,8.98515277777778,7
202237,42,24.21570625,28.3871650793651,33.3058118055556,0.0601361111111111,1.15858125,4.57075833333333,0.98416498015873,0.986365476190476,0.988432837301587,45.9589342261905,66.8328651785714,85.7624668650794,9.09010555555556,7
202238,46,24.241133531746,28.406052281746,33.3393145833333,0.107202777777778,1.66321527777778,6.54123263888889,0.983415277777778,0.985508432539683,0.987715575396825,45.0398961309524,65.9150985119048,84.840669047619,9.0981810515873,7
202239,41,24.2588975198413,28.339608234127,33.2795243055556,0.179077083333333,2.52394236111111,9.02197152777778,0.98382628968254,0.985850595238095,0.988090674603174,45.8867108134921,66.7883591269841,85.1245194444444,9.02062678571428,7
202240,44,24.2349430555556,28.5023152777778,33.4678573412698,0.0725201388888889,1.56890486111111,5.73215972222222,0.98345119047619,0.985663888888889,0.987826785714286,44.170160515873,65.9474359126984,85.9224840277778,9.23291428571429,7
202241,60,24.5003714285714,28.1800216269841,32.7618825396825,0.547188888888889,6.58839305555556,21.7491340277778,0.983621329365079,0.985777777777778,0.988065376984127,50.2792124007937,70.5900704365079,88.0205286706349,8.26151111111111,7
202242,44,24.6238799603175,28.1451592261905,32.5418362103175,0.709886111111111,5.67884166666667,15.3081923611111,0.982732936507936,0.985001091269841,0.987353174603175,52.6216445436508,71.6187973214286,88.0515971230159,7.91795625,7
202243,52,24.3752348214286,27.8286241071429,32.2320759920635,1.53116736111111,11.4322736111111,33.4359215277778,0.982269742063492,0.984784424603175,0.987026388888889,53.0706195436508,72.722747718254,88.7127760912699,7.85684117063492,7
202244,26,24.1694101190476,27.2137370039683,31.0642508928571,3.48553888888889,23.4697479166667,62.9164986111111,0.98319255952381,0.985490476190476,0.987744841269841,58.5443785714286,76.4838500992064,90.7383386904762,6.89484077380952,7
202245,34,23.210669047619,26.1178537698413,29.7692946428572,3.08896041666667,24.6853215277778,71.3575180555555,0.983995634920635,0.986347420634921,0.988456150793651,64.3419564484127,81.9436704365079,94.7561282738095,6.5586255952381,7
202246,37,24.0103884920635,27.1004079365079,30.9184759920635,1.09558888888889,8.90140486111111,22.9213694444444,0.98318501984127,0.985364781746032,0.987543849206349,59.8923202380952,77.8288899801587,91.7681234126984,6.9080875,7
202247,30,23.7466623015873,26.7708565476191,30.608321031746,2.85307430555556,18.44491875,46.8033305555556,0.982230257936508,0.98443998015873,0.986486309523809,59.6858478174603,78.4834134920635,92.9301353174603,6.86165873015873,7
202248,29,23.4990806547619,26.0076755952381,29.3828778769841,3.25587222222222,32.8467784722222,89.46166875,0.980725198412698,0.983099801587301,0.985158630952381,66.9760196428571,83.1640560515873,94.4503979166667,5.88379722222222,7
202249,25,23.3701425595238,26.4403691468254,30.2916120039683,1.80644305555556,14.5180104166667,47.9716513888889,0.982687301587302,0.98462996031746,0.986787202380952,61.7777774801587,80.5058625992064,94.3728092261905,6.92146944444444,7
202250,7,23.6433567460317,26.8023700396825,30.6874266865079,0.669479166666667,7.15565138888889,22.1247388888889,0.982548908730159,0.984808432539683,0.986697916666667,59.1952794642857,78.3050890873016,93.1126509920635,7.04406994047619,7
202251,14,23.1990421626984,25.5833200396825,28.7605413690476,4.69723888888889,32.5724555555555,89.1910368055556,0.983349206349207,0.985591468253968,0.987613095238095,70.6827744047619,85.105678968254,95.4455010912698,5.56149920634921,7
202252,62,23.1766888888889,25.5555951388889,28.8454541666667,5.71427013888889,34.5723722222222,86.4519104166667,0.984113194444445,0.98625128968254,0.988036805555556,69.2578306547619,85.0114754960318,95.4484594246032,5.66876527777778,7
202301,144,23.0296029761905,25.8003081349206,29.3918708333333,4.25345,23.985125,60.6000361111111,0.984118452380952,0.986363194444445,0.988310416666667,66.3646330357143,83.6639986111111,95.6807250992064,6.36226785714286,7
202302,186,23.2603721230159,25.8802695436508,29.3666683531746,2.74201388888889,19.4168347222222,50.0909270833333,0.984378968253968,0.986677777777778,0.988617956349206,67.1459714285714,83.2528056547619,94.5439974206349,6.10629623015873,7
202303,209,22.2661311507937,24.6082962301587,27.7661685515873,5.45810208333333,37.3907625,100.54308125,0.984684424603174,0.986894345238095,0.988736805555556,73.2637930555556,87.5387258928571,96.8211377976191,5.50003740079365,7
202304,191,22.5565075396825,24.8101346230159,27.9690327380952,3.34330138888889,28.9011097222222,81.7515340277778,0.984049007936508,0.98606875,0.987837996031746,72.3882009920635,86.8595959325397,96.0444555555555,5.4125251984127,7
202305,269,22.5070731150794,24.8124097222222,27.9570553571429,5.93550972222222,45.2454854166667,114.473613888889,0.984327579365079,0.98647251984127,0.988432242063492,74.3944287698413,88.3075111111111,97.0545533730159,5.44998224206349,7
202306,242,22.9483953373016,25.4095469246032,28.8162649801587,5.18129027777778,35.0445527777778,82.1804229166667,0.983496031746032,0.986138988095238,0.98818244047619,72.1134781746032,86.8228840277778,96.532028968254,5.86786964285714,7
202307,194,23.1728808531746,25.5188796626984,28.9055974206349,6.17930347222222,39.3241548611111,102.101358333333,0.982412797619048,0.984631448412698,0.98659871031746,72.4829716269841,87.455452281746,96.7239445436508,5.73271656746032,7
202308,183,22.6729516865079,24.8414258928571,28.0263396825397,9.91636666666667,62.9525298611111,156.078980555556,0.984465972222222,0.986774503968254,0.988768551587302,74.7988696428571,89.3525703373016,97.6264545634921,5.35338799603175,7
202309,208,23.1658635912698,25.4437632936508,28.7497570436508,5.1636875,47.4029333333333,110.3239,0.984646726190476,0.986933234126984,0.988915178571429,73.0832608134921,87.5036495039682,96.44883125,5.58389345238095,7
202310,274,23.2446259920635,25.5714116071429,28.9795304563492,5.21968611111111,36.5114361111111,110.524327777778,0.98331746031746,0.985705555555556,0.987652876984127,71.8674254960317,87.187689484127,96.7626486111111,5.73490446428571,7
202311,300,22.7232639880952,24.5587564484127,27.1699548611111,10.0277958333333,63.5369715277778,169.043741666667,0.984627281746032,0.986669742063492,0.988363194444444,78.211135813492,90.0874556547619,97.3433271825397,4.44669087301587,7
202312,308,22.4348343253968,24.8297617063492,28.1444400793651,6.932325,38.9543909722222,99.0437034722222,0.984797420634921,0.987163293650794,0.988983432539682,72.5380376984127,87.2248370039682,96.6550064484127,5.70960575396825,7
202313,208,22.7458041666667,24.7746478174603,27.5962692460317,8.2673375,61.3370840277778,148.737076388889,0.984611706349206,0.98693878968254,0.988828968253968,78.3442921626984,90.2655416666667,97.6841392857143,4.85046507936508,7
202314,163,22.5553702380952,24.69695625,27.4522611111111,8.237875,55.9796069444444,133.67795625,0.983684226190476,0.985855654761905,0.987917559523809,76.2000246031746,88.5468734126984,96.7043773809524,4.89689087301587,7
202315,169,23.1156097222222,25.6146376984127,28.9749824404762,3.00738194444444,29.4228625,84.4215756944445,0.983476587301587,0.985875198412698,0.987928472222222,72.7145113095238,87.4024080357143,96.8977768849206,5.85937271825397,7
202316,136,23.286435218254,25.7616474206349,28.982591468254,4.06885277777778,33.06859375,82.9657256944444,0.982414781746032,0.984818154761905,0.986983531746032,73.0875558531746,87.5932965277778,97.1973009920635,5.69615625,7
202317,125,23.287101984127,26.099666765873,29.7113241071429,2.59835,20.6490736111111,62.9509833333333,0.984576587301587,0.98652132936508,0.988177083333333,67.6058603174603,84.3637603174603,95.5039500992063,6.42422212301587,7
202318,141,23.1945883928571,25.5629675595238,28.7612540674603,5.86065277777778,33.5099625,86.44428125,0.984660119047619,0.987046329365079,0.988945535714286,74.2794246031746,88.1297304563492,97.0703297619048,5.56666567460318,7
202319,115,23.7079119047619,26.5008773809524,29.9351523809524,1.82434375,14.6427298611111,43.9462319444444,0.984678174603175,0.986677281746032,0.988344742063492,68.2573113095238,84.7812115079365,95.9896620039682,6.22724047619048,7
202320,112,23.6796601190476,26.0026100198413,29.0979870039683,5.29935416666667,27.0865201388889,66.1330319444444,0.985126785714285,0.987604265873016,0.989563591269841,75.0670673611111,88.2404557539682,97.0247733134921,5.41832688492063,7
202321,121,23.8448177579365,26.5728246031746,29.9762262896825,1.70534791666667,11.63436875,33.0190972222222,0.984136011904762,0.985885119047619,0.987594444444444,66.3896754960318,82.5899893849207,93.5535513888889,6.13140853174603,7
202322,119,23.5491406746032,26.465258234127,30.0223057539683,1.37548194444444,11.6321736111111,35.9075215277778,0.985193055555555,0.987296031746032,0.989167857142857,66.7003389880952,83.1927079365079,94.8539429563492,6.47316507936508,7
202323,97,23.4958069444444,26.5089459325397,30.277081547619,1.03890833333333,8.06238055555556,27.7240041666667,0.986328174603175,0.988289087301587,0.98985625,63.7398170634921,80.7980453373016,93.0044345238095,6.7812746031746,7
202324,109,23.5946365079365,26.6172010912698,30.1844238095238,0.685065972222222,5.72774375,16.0340402777778,0.986081845238095,0.988030357142857,0.989852083333333,64.0409032738095,80.2893323412698,92.9104224206349,6.5897873015873,7
202325,77,23.2199680555556,26.4356740079365,30.1764547619048,1.46895902777778,9.96321805555555,29.09455625,0.986241468253968,0.988225992063492,0.98986994047619,61.0534829365079,78.4009112103175,91.5612973214286,6.95648670634921,7
202326,79,23.4518982142857,26.9758228174603,31.0533974206349,0.596570138888889,3.57679375,11.3673569444444,0.985943849206349,0.987773313492064,0.989230555555556,55.5905252976191,73.9716442460318,88.2121181547619,7.60149920634921,7
202327,58,23.4239518849206,27.023166468254,31.1185331349206,0.753974305555555,4.40138472222222,13.9806131944444,0.985808531746032,0.987548412698413,0.989114384920635,55.0162028769841,73.8314234126984,88.9350454365079,7.69458125,7
202328,49,23.5217891865079,27.01105625,31.0711796626984,0.388529861111111,2.68020763888889,8.09886319444444,0.985221329365079,0.986999702380952,0.988600496031746,57.5632456349206,76.184271031746,91.5577964285714,7.54939047619048,7
202329,72,23.1264171626984,27.1889020833333,31.7749860119048,0.381101388888889,1.95770069444444,6.67032013888889,0.987826686507937,0.989495932539683,0.991200198412698,46.9737395833333,68.4422643849206,85.599529265873,8.64856884920635,7
202330,61,23.3762540674603,27.778905952381,32.7857120039682,0.08444375,0.921115277777778,3.44651388888889,0.986738293650794,0.988656349206349,0.990314186507937,43.4191619047619,65.5467499007937,84.4451379960317,9.40945793650794,7
202331,83,24.0226544642857,27.9623126984127,32.5477205357143,0.36696875,2.36493333333333,7.51121319444445,0.987223809523809,0.989209623015873,0.990986607142857,49.1826974206349,69.6926698412698,87.1371286706349,8.52506607142857,7
202332,75,24.1272376984127,28.1085984126984,32.6699560515873,0.386640972222222,2.25039097222222,6.90694375,0.986734325396825,0.988614583333333,0.990420634920635,48.2915237103175,69.0232270833333,87.2980677579365,8.5427183531746,7
202333,91,23.900891765873,28.4507927579365,33.6704155753968,0.0454083333333333,0.829321527777778,3.46583055555556,0.983601984126984,0.985725496031746,0.9876125,40.2263386904762,63.3116982142857,83.2218659722222,9.76952380952381,7
202334,73,24.475925297619,28.5828040674603,33.4526104166667,0.0170569444444444,0.673976388888889,2.27568611111111,0.983361011904762,0.985052579365079,0.987042956349206,45.1870470238095,65.7292646825397,84.3999043650793,8.97668511904762,7
202335,47,24.3066924603175,28.5372058531746,33.4880589285714,0.173899305555556,1.70064027777778,5.48915763888889,0.985665376984127,0.987727976190476,0.990021726190476,43.6015057539683,66.9110656746032,87.6824283730159,9.18136646825397,7
202336,56,24.2543304563492,28.5602989087302,33.5079299603175,0.0307645833333333,1.14801388888889,4.69211388888889,0.985421924603175,0.98719751984127,0.989069543650794,43.4897670634921,65.4119756944444,85.3461057539683,9.25359950396825,7
202337,61,24.7274728174603,28.8926491071429,33.8691303571429,0.0775229166666666,1.30626944444444,5.26707569444444,0.98443878968254,0.986475992063492,0.988625396825397,44.316328968254,65.5648932539683,84.4105451388889,9.14165753968254,7
202338,50,24.731316468254,28.9332948412698,33.685573015873,0.0857979166666667,1.79524583333333,6.57577638888889,0.983766765873016,0.985815972222222,0.987954662698412,44.9682788690476,66.2116008928571,85.8939981150794,8.95425654761905,7
202339,46,24.7994610119048,29.371185515873,34.6464967261905,0.211431944444444,1.70698402777778,5.21653263888889,0.983315575396825,0.985333829365079,0.987601785714285,41.1327433531746,63.8681963293651,84.9482983134921,9.84703571428571,7
202340,35,25.2745867063492,29.577172718254,34.7280827380952,0.108613194444444,1.11939166666667,3.44823263888889,0.983133531746032,0.985114583333333,0.98730376984127,41.3400340277778,63.2484036706349,83.1323655753968,9.45349603174603,7
202341,45,25.1416639880952,29.344449702381,34.3183214285714,0.0329020833333333,1.03562986111111,4.131225,0.984249404761905,0.986192757936508,0.988368253968254,44.4175564484127,65.0616175595238,84.3044594246032,9.17665744047619,7
202342,57,24.9010935515873,28.9742567460317,33.9308704365079,0.347272222222222,3.97686944444444,14.2382604166667,0.983813392857143,0.985896130952381,0.987910119047619,46.7099722222222,68.496935813492,87.4126595238095,9.02977688492064,7
202343,39,24.9345534722222,29.0603374007937,33.99304375,0.145260416666667,1.95382222222222,7.41077152777777,0.982033630952381,0.984191071428571,0.986618353174603,44.4843432539683,66.272858531746,85.5974857142857,9.05849027777778,7
202344,37,25.2824263888889,29.5674055555556,34.6024316468254,0.0531069444444444,0.976901388888889,3.68021944444444,0.98188005952381,0.983860218253968,0.986020734126984,42.3199932539682,64.2837370039683,84.4232369047619,9.32000525793651,7
202345,48,25.0519204365079,28.7969731150794,33.3923681547619,0.898532638888889,5.44112430555556,16.8095513888889,0.982957638888889,0.98506001984127,0.987048015873016,48.1356696428571,69.1892091269841,87.6036249007936,8.34044771825397,7
202346,55,25.1755410714286,29.3860997023809,34.2962338293651,0.0515215277777778,0.924450694444444,3.18791319444444,0.982466369047619,0.984412797619048,0.986666468253968,43.1485235119048,64.3886737103175,84.0333732142857,9.12069275793651,7
202347,62,25.0320715277778,28.3531869047619,32.6118909722222,1.63232013888889,10.9653847222222,33.17104375,0.983048313492063,0.98531498015873,0.987482341269841,52.5130586309524,72.1673267857143,87.6154286706349,7.57981944444444,7
202348,75,24.6059619047619,27.854966765873,32.090623015873,0.948585416666667,8.12359652777778,25.5212923611111,0.983539682539682,0.985679563492064,0.987752579365079,55.7712418650794,75.3205708333333,90.5386029761905,7.48466111111111,7
202349,64,24.4430221230159,27.5135590277778,31.4916049603175,1.4297875,12.2416791666667,38.98034375,0.983264285714286,0.985342559523809,0.987184623015873,59.2220607142857,78.2090679563492,92.4233181547619,7.04858283730159,7
202350,56,24.9011287698413,27.9481318452381,31.8867263888889,1.12630763888889,8.1641875,26.57644375,0.981777678571429,0.983887896825397,0.985944246031746,57.1459195436508,75.7825196428572,90.2551614087302,6.98559761904762,7
202351,34,24.6963194444444,27.3989998015873,31.0741600198413,2.65467916666667,18.3674125,53.0615993055556,0.982451388888889,0.984476686507937,0.98639623015873,62.3754298611111,80.0005152777778,92.6272455357143,6.37784057539683,7
202352,49,24.8384953373016,27.5771682539683,31.1758219246032,1.37383888888889,13.2999375,39.4856868055556,0.984447619047619,0.986358333333333,0.988302579365079,63.358051984127,80.1962327380952,92.388608234127,6.33732658730159,7
202401,181,24.0267759920635,26.1982416666667,29.2967983134921,4.02839861111111,30.9150506944445,83.6390479166667,0.984441765873016,0.986424702380952,0.988225396825397,71.6887901785714,86.1158459325397,95.5122166666667,5.27002232142857,7
202402,234,23.8668869047619,26.1471234126984,29.1527173611111,5.34515208333333,41.5962847222222,110.763670138889,0.984321130952381,0.986268055555556,0.988030952380952,70.8983155753968,85.1298210317461,95.1119465277778,5.28583045634921,7
202403,327,23.9492916666667,26.7489693452381,30.3749774801587,3.28684791666667,17.0206645833333,50.4528409722222,0.985223511904762,0.987211805555556,0.989085218253968,65.72758125,82.3713648809524,94.64245,6.42568581349206,7
202404,387,24.5996313492063,26.8875479166667,29.932758234127,4.82176805555556,25.88305625,61.0117423611111,0.984682142857143,0.986733234126984,0.988502876984127,70.0073063492063,83.5921993055556,93.6460976190477,5.33312688492064,7
202405,595,24.0259396825397,26.2660666666667,29.4018379960317,6.40778541666667,37.3425763888889,106.681188194444,0.985169345238095,0.987180555555555,0.988925496031746,70.6167878968254,85.7884634920635,95.5145433531746,5.37589831349206,7
202406,681,24.3536427579365,26.9913111111111,30.3727609126984,1.85528194444444,15.3787277777778,38.4126444444444,0.984558829365079,0.98641994047619,0.988393253968254,68.084312797619,83.0112863095238,94.1024358134921,6.01911815476191,7
202407,1071,24.0351393849206,26.3755741071428,29.5874122023809,3.37338958333333,30.2859152777778,90.8369173611111,0.985281051587302,0.987422916666667,0.989151785714286,70.8650515873016,85.2776254960317,95.2019120039683,5.55227281746032,7
202408,1172,23.8505698412698,26.0049654761905,29.0190053571429,5.56620555555556,29.5574416666667,75.2058979166667,0.984433928571429,0.9864,0.988259821428571,70.2714145833333,84.0230406746032,93.2249193452381,5.16843551587302,7
202409,1243,23.5065878968254,25.6271959325397,28.4725261904762,6.32762083333333,47.8740569444444,120.697472916667,0.984938988095238,0.987084226190476,0.988905753968254,75.988525,88.7272700396825,96.9089548611111,4.96593829365079,7
202410,1139,23.9456145833333,26.2250266865079,29.4295964285714,6.90873402777778,37.7164138888889,94.2262729166667,0.984560615079365,0.986662003968254,0.988525198412698,72.717839484127,86.8508064484127,96.0642770833333,5.4839818452381,7
202411,1183,24.2778074404762,26.4535823412698,29.5439096230159,8.61327013888889,46.4878763888889,117.281252083333,0.984345833333334,0.986650099206349,0.988532242063492,73.8890344246032,87.7326803571429,96.4085426587301,5.26610218253968,7
202412,1134,23.8085658730159,25.6972136904762,28.2941513888889,10.5119145833333,66.3582930555556,175.332136805556,0.983912797619048,0.985898908730159,0.987676884920635,78.2124279761905,90.0696842261905,97.2532669642857,4.48558551587302,7
202413,947,23.6460544642857,25.9500180555556,29.1412428571429,6.46471319444445,53.3349194444444,144.56481875,0.984020535714286,0.986164285714286,0.98787123015873,73.3186848214286,87.8876830357143,97.1020084325397,5.49518839285714,7
202414,1041,24.0588636904762,26.3681251984127,29.6831943452381,5.00499513888889,34.2373277777778,92.1499597222222,0.984078869047619,0.986360317460318,0.988401884920635,71.9789599206349,86.9281545634921,96.2935875,5.62433065476191,7
202415,873,23.8834936507937,25.9412813492063,28.7887138888889,8.29731111111111,58.1777611111111,137.026355555556,0.983730158730159,0.986065575396825,0.98796617063492,76.9873399801587,89.6860290674603,97.5186984126984,4.90522023809524,7
202416,834,23.9247972222222,26.0745504960317,29.0761318452381,8.12772777777778,64.3913381944444,174.070356944444,0.983404960317461,0.985533928571429,0.987241666666667,76.3673459325397,89.5067886904762,97.5544193452381,5.15133462301587,7
202417,655,23.7293291666667,25.9986494047619,28.990295734127,10.1731534722222,48.79863125,122.974538888889,0.983742361111111,0.985909027777778,0.987702182539682,75.2448714285714,88.9951669642857,97.7654384920635,5.26096656746032,7
202418,541,24.0106887896825,26.5252512896825,29.8921866071429,9.36812291666667,35.3413333333333,91.8110388888889,0.982936706349206,0.984922817460318,0.986669543650794,70.6783632936508,86.2970014880952,96.0787488095238,5.88149781746032,7
202419,521,24.3126212301587,26.9919317460317,30.392170734127,5.19375069444444,30.1519173611111,80.4701583333333,0.982927678571428,0.984875,0.986484226190476,67.4798701388889,83.8039871031746,94.572191765873,6.07954950396825,7
202420,426,24.0001183531746,26.6945124007936,30.2634601190476,4.60907638888889,25.8356743055556,71.0812493055556,0.984465873015873,0.986438293650794,0.98807876984127,68.1944024801587,84.707941468254,95.5765139880952,6.26334176587302,7
202421,341,24.2458748015873,27.2049277777778,30.7797228174603,1.41435972222222,9.27965347222222,27.9156576388889,0.984979761904762,0.986950198412698,0.988627083333333,65.0027596230159,81.318545734127,93.2059526785714,6.53384801587302,7
202422,253,24.0587390873016,26.8294629960317,30.2875060515873,4.01559583333333,23.8068263888889,67.0342409722222,0.985911904761905,0.987858432539683,0.989570238095238,66.1118478174603,81.8993067460317,93.0136349206349,6.22876696428571,7
202423,334,24.1257433531746,27.1660544642857,30.8951436507937,1.80683888888889,8.35446041666667,25.1446215277778,0.986223313492063,0.988073412698413,0.98974246031746,61.964623015873,78.1432964285714,90.1472161706349,6.76940029761905,7
202424,328,23.7593688492064,27.0286885912698,30.9189060515873,1.48125416666667,11.4986965277778,37.3359368055556,0.985824503968254,0.987584821428572,0.989186805555555,58.007975,75.8473532738095,89.1234087301587,7.15953720238095,7
202425,281,23.7642196428571,27.325294047619,31.2978095238095,0.157141666666667,1.92780625,7.03429930555556,0.984420436507936,0.986187599206349,0.987761805555556,53.8719811507937,72.3258925595238,87.0640867063492,7.53358988095238,7
202426,269,23.6474952380952,27.1409846230159,31.2437659722222,0.797052083333333,4.68069861111111,15.6715090277778,0.985437202380953,0.987209126984127,0.98883869047619,55.443241765873,74.7462458333333,89.570577281746,7.59627073412698,7
202427,255,23.8245375992064,27.3562754960317,31.5192087301587,0.998540277777778,4.71441944444444,14.97583125,0.985265079365079,0.987030357142857,0.988633035714286,54.3713025793651,73.1396933531746,87.9239193452381,7.69467113095238,7
202428,233,23.7151163690476,27.3562303571429,31.5849947420635,0.3181125,2.81218194444444,9.83070277777778,0.985623611111111,0.987597420634921,0.989254761904762,51.5550353174603,71.2803903769841,87.0484191468254,7.86987837301587,7
202429,199,23.389685515873,27.6856250992063,32.4691949404762,0.144611111111111,0.854440972222222,2.66922986111111,0.987487896825397,0.989514186507936,0.99124880952381,41.419801984127,63.9696596230159,82.403008531746,9.07950942460317,7
202430,184,23.427039484127,27.8187952380952,32.7733820436508,0.285475694444444,1.37391458333333,4.5221,0.986967757936508,0.98888998015873,0.990595932539683,40.8445989087302,63.5062660714286,82.5994931547619,9.34634255952381,7
202431,196,23.6021839285714,28.0824265873016,33.0870781746032,0.105786805555556,0.83296875,2.90140416666667,0.986641468253968,0.988643452380952,0.990319345238095,40.8142174603175,62.8952090277778,82.060548015873,9.48489424603175,7
202432,188,23.6821490079365,28.325885515873,33.5992902777778,0.0206458333333333,0.452738888888889,1.95139652777778,0.984965873015873,0.986924900793651,0.988782242063492,38.6565250992063,60.4793825396825,80.3877320436508,9.91714126984127,7
202433,158,23.8923797619048,27.9431785714286,32.7100742063492,0.373902083333333,2.89390555555556,9.48864791666667,0.986574503968254,0.988480654761905,0.990391567460317,47.1304875,69.1594994047619,87.854922718254,8.81769444444445,7
202434,191,24.0912746031746,28.5057231150794,33.4061106150794,0.0513340277777778,0.805889583333333,2.83069027777778,0.98568998015873,0.987586805555556,0.989413988095238,40.9250961309524,63.3664586309524,83.3440662698413,9.31483601190476,7
202435,163,24.0377131944444,28.6934123015873,34.0058290674603,0.386119444444444,1.72348680555556,6.52190763888889,0.985920337301587,0.988022718253968,0.989877579365079,39.4886946428571,62.6367631944444,82.9293636904762,9.96811587301587,7
202436,134,24.1846439484127,29.2266959325397,34.9427398809524,0.00851805555555555,0.25198125,1.03209375,0.984146726190476,0.986310912698413,0.98834375,34.7783962301587,58.5355905753968,80.1611094246032,10.7580959325397,7
202437,164,24.8035259920635,29.3778715277778,34.686072718254,0.0137611111111111,0.400261805555556,1.82379930555556,0.984387599206349,0.986411507936508,0.988479464285714,36.9933540674603,58.6822589285714,78.2804799603175,9.88254672619048,7
202438,175,24.9693861111111,29.5360736111111,34.8583291666667,0.00211180555555556,0.305473611111111,1.52637638888889,0.983779067460317,0.985957638888889,0.988286805555555,38.4983285714286,59.5128408730159,78.7750574404762,9.88894305555556,7
202439,132,25.1356936507937,29.3360525793651,34.4318151785714,0.0617590277777778,1.04466041666667,4.16400486111111,0.983371924603175,0.985470734126984,0.987634325396825,43.2068177579365,63.2858805555556,81.6925473214286,9.29612152777778,7
202440,128,24.8808129960317,28.9604915674603,34.107777281746,0.34126875,3.23634166666667,12.3641041666667,0.982827380952381,0.98528373015873,0.987476091269841,46.1015671626984,67.9117446428571,85.9158890873016,9.22696428571428,7
202441,83,24.9678604166667,29.2301140873016,34.320071031746,0.106434027777778,1.206975,4.63002777777778,0.984075595238095,0.986021825396826,0.988116468253968,43.1701928571429,64.4724079365079,83.4328322420635,9.35221061507936,7
202442,102,24.9094714285714,29.0325716269841,34.0127069444444,0.160107638888889,2.41698263888889,7.93723333333333,0.984143948412698,0.986799503968254,0.989122718253968,43.3151872023809,65.1549420634921,84.5420249007936,9.10323551587302,7
202443,114,25.2721672619048,29.2257793650794,33.9401511904762,0.392802777777778,2.94902777777778,9.78010208333333,0.982632341269841,0.984678174603175,0.986911011904762,45.7225083333333,65.9428788690476,83.8634181547619,8.66798392857143,7
202444,122,24.7761723214286,28.7836415674603,33.6025847222222,0.600453472222222,3.49539305555556,10.6223541666667,0.982725793650794,0.984971031746032,0.987345535714286,44.8067487103175,65.7281932539683,84.3570520833333,8.82641240079365,7
202445,138,24.9338995039683,28.9479982142857,33.8683339285714,0.297953472222222,4.19836875,14.8947194444444,0.981850793650794,0.984182738095238,0.986390873015873,45.2679159722222,66.3279366071429,84.8335188492064,8.93443442460318,7
202446,157,24.7356592261905,28.3639396825397,32.9755285714286,2.26716944444444,11.32475,29.4041590277778,0.98134503968254,0.98380128968254,0.986166170634921,48.9797751984127,70.1084965277778,87.6371613095238,8.2398693452381,7
202447,194,24.8178653769841,28.6203527777778,33.3410995039683,0.314538888888889,2.97502430555556,11.3511722222222,0.982473908730159,0.984687003968254,0.986906150793651,48.1957093253968,69.9637234126984,88.1499471230159,8.52323412698413,7
202448,150,24.8617612103175,28.5952267857143,33.1416675595238,0.545065277777778,4.37518611111111,14.0393965277778,0.983290376984127,0.985453670634921,0.987735416666667,47.9915153769841,69.2825954365079,87.3625720238095,8.27990634920635,7
202449,185,24.5080185515873,27.1392406746032,30.7174077380952,3.14297986111111,23.2571826388889,57.84659375,0.982985218253968,0.985024206349206,0.986925198412698,60.4426362103175,77.677233234127,90.6071032738095,6.20938918650794,7
202450,195,24.0524433531746,26.8857590277778,30.7421635912698,2.21334930555556,17.3785465277778,49.8693979166667,0.982392658730159,0.984594742063492,0.986518650793651,62.7132988095238,80.5448344246032,93.1905158730159,6.68972023809524,7
202451,206,24.3753692460318,27.2000675595238,30.8473153769841,2.02122777777778,14.9474493055556,41.26655625,0.983594146825397,0.985645833333333,0.987656051587302,62.3994567460317,79.7606156746032,92.9725049603175,6.47194613095238,7
202452,181,24.4192822420635,27.027808531746,30.5756273809524,2.99089444444444,17.04169375,44.86208125,0.983195535714286,0.985376587301587,0.98735119047619,63.3720739087302,80.214729265873,92.4473813492064,6.15634513888889,7
